3 nl 0.0593554    0.0808322    24    0
3 nl 0.0593554    0.0795937    48    1
3 nl 0.0593554    0.0795937    72    2
3 nl 0.0593554    0.0749492    96    3
3 nl 0.0593554    0.0749492    120    4
3 nl 0.0593554    0.07182    144    5
3 nl 0.0593554    0.0709485    168    6
3 nl 0.0593554    0.0702328    192    7
3 nl 0.0593554    0.0698985    216    8
3 nl 0.0593554    0.0689853    240    9
3 nl 0.0593554    0.0686305    264    10
3 nl 0.0593554    0.0631212    288    11
3 nl 0.0593554    0.0629302    312    12
3 nl 0.0593554    0.0583159    336    13
3 nl 0.0593554    0.0583159    360    14
3 nl 0.0593554    0.0565527    384    15
3 nl 0.0593554    0.0502231    408    16
3 nl 0.0593554    0.0497978    432    17
3 nl 0.0593554    0.0443102    456    18
3 nl 0.0593554    0.0443102    480    19
3 nl 0.0593554    0.0398838    504    20
3 nl 0.0593554    0.0340715    528    21
3 nl 0.0593554    0.0340715    552    22
3 nl 0.0593554    0.0340715    576    23
3 nl 0.0593554    0.0340715    600    24
3 nl 0.0593554    0.0286618    624    25
3 nl 0.0593554    0.0286618    648    26
3 nl 0.0593554    0.0286618    672    27
3 nl 0.0593554    0.0286618    696    28
3 nl 0.0593554    0.0286618    720    29
3 nl 0.0593554    0.0283445    744    30
3 nl 0.0593554    0.0283445    768    31
3 nl 0.0593554    0.0283445    792    32
3 nl 0.0593554    0.0273725    816    33
3 nl 0.0593554    0.0271064    840    34
3 nl 0.0593554    0.0271064    864    35
3 nl 0.0593554    0.0269528    888    36
3 nl 0.0593554    0.0267702    912    37
3 nl 0.0593554    0.0267702    936    38
3 nl 0.0593554    0.0266705    960    39
3 nl 0.0593554    0.0266118    984    40
3 nl 0.0593554    0.0266118    1008    41
3 nl 0.0593554    0.0264406    1032    42
3 nl 0.0593554    0.0264406    1056    43
3 nl 0.0593554    0.0264406    1080    44
3 nl 0.0593554    0.0264406    1104    45
3 nl 0.0593554    0.0264406    1128    46
3 nl 0.0593554    0.0264406    1152    47
3 nl 0.0593554    0.0257371    1176    48
3 nl 0.0593554    0.0257371    1200    49
3 nl 0.0593554    0.0257371    1224    50
3 nl 0.0593554    0.0256258    1248    51
3 nl 0.0593554    0.0256258    1272    52
3 nl 0.0593554    0.0256258    1296    53
3 nl 0.0593554    0.0256258    1320    54
3 nl 0.0593554    0.0256258    1344    55
3 nl 0.0593554    0.0256258    1368    56
3 nl 0.0593554    0.0256258    1392    57
3 nl 0.0593554    0.0256258    1416    58
3 nl 0.0593554    0.0251971    1440    59
3 nl 0.0593554    0.0249321    1464    60
3 nl 0.0593554    0.0249321    1488    61
3 nl 0.0593554    0.0249321    1512    62
3 nl 0.0593554    0.0247021    1536    63
3 nl 0.0593554    0.0246404    1560    64
3 nl 0.0593554    0.0246404    1584    65
3 nl 0.0593554    0.0246404    1608    66
3 nl 0.0593554    0.0246404    1632    67
3 nl 0.0593554    0.0246404    1656    68
3 nl 0.0593554    0.0246404    1680    69
3 nl 0.0593554    0.024407    1704    70
3 nl 0.0593554    0.024407    1728    71
3 nl 0.0593554    0.024407    1752    72
3 nl 0.0593554    0.024407    1776    73
3 nl 0.0593554    0.024407    1800    74
3 nl 0.0593554    0.024407    1824    75
3 nl 0.0593554    0.024407    1848    76
3 nl 0.0593554    0.024317    1872    77
3 nl 0.0593554    0.024317    1896    78
3 nl 0.0593554    0.024317    1920    79
3 nl 0.0593554    0.024317    1944    80
3 nl 0.0593554    0.024317    1968    81
3 nl 0.0593554    0.024317    1992    82
3 nl 0.0593554    0.024317    2016    83
3 nl 0.0593554    0.024317    2040    84
3 nl 0.0593554    0.0242595    2064    85
3 nl 0.0593554    0.0242595    2088    86
3 nl 0.0593554    0.0242595    2112    87
3 nl 0.0593554    0.0241703    2136    88
3 nl 0.0593554    0.0241703    2160    89
3 nl 0.0593554    0.0241703    2184    90
3 nl 0.0593554    0.0241703    2208    91
3 nl 0.0593554    0.0043799    3436    92
3 nl 0.0593554    0.0043799    3460    93
3 nl 0.0593554    0.0043799    3484    94
3 nl 0.0593554    0.0043799    3508    95
3 nl 0.0593554    0.0043799    3532    96
3 nl 0.0593554    0.0043799    3556    97
3 nl 0.0593554    0.0043799    3580    98
3 nl 0.0593554    0.0043799    3604    99
3 nl 0.0593554    0.0043799    3628    100
3 nl 0.0593554    0.0043799    3652    101
3 nl 0.0593554    0.0043799    3676    102
3 nl 0.0593554    0.0043799    3700    103
3 nl 0.0593554    0.0043799    3724    104
3 nl 0.0593554    0.0043799    3748    105
3 nl 0.0593554    0.0043799    3772    106
3 nl 0.0593554    0.0043799    3796    107
3 nl 0.0593554    0.0043799    3820    108
3 nl 0.0593554    0.0043799    3844    109
3 nl 0.0593554    0.0043799    3868    110
3 nl 0.0593554    0.0043799    3892    111
3 nl 0.0593554    0.0043799    3916    112
3 nl 0.0593554    0.0043799    3940    113
3 nl 0.0593554    0.0043799    3964    114
3 nl 0.0593554    0.0043799    3988    115
3 nl 0.0593554    0.0043799    4012    116
3 nl 0.0593554    0.0043799    4036    117
3 nl 0.0593554    0.0043799    4060    118
3 nl 0.0593554    0.0043799    4084    119
3 nl 0.0593554    0.0043799    4108    120
3 nl 0.0593554    0.0043799    4132    121
3 nl 0.0593554    0.00436818    4156    122
3 nl 0.0593554    0.00436818    4180    123
3 nl 0.0593554    0.00436818    4204    124
3 nl 0.0593554    0.00436818    4228    125
3 nl 0.0593554    0.00436818    4252    126
3 nl 0.0593554    0.00436818    4276    127
3 nl 0.0593554    0.00436818    4300    128
3 nl 0.0593554    0.00436818    4324    129
3 nl 0.0593554    0.00436818    4348    130
3 nl 0.0593554    0.00436818    4372    131

 ------------------------------ 3  271031  RMSE:  0.00436818  0.00454625 NMSE:  0.000111955 0.000123493
