Train
0.462805 0.465912 0.00310693
0.492902 0.488544 0.00435833
0.49784 0.493842 0.00399819
0.490733 0.491013 0.000279851
0.486081 0.489564 0.00348332
0.488954 0.493392 0.00443822
0.497041 0.500164 0.00312295
0.502538 0.50208 0.000457802
0.49332 0.487354 0.00596577
0.458684 0.452549 0.0061346
0.410894 0.410908 1.3952e-005
0.370408 0.374158 0.00375033
0.341604 0.345455 0.00385087
0.320597 0.322499 0.00190185
0.301943 0.301541 0.000401911
0.282972 0.281138 0.00183372
0.265813 0.264115 0.00169772
0.257357 0.258998 0.00164109
0.270104 0.278059 0.00795476
0.313392 0.321793 0.00840082
0.371831 0.373313 0.00148202
0.421621 0.418666 0.00295498
0.457039 0.453452 0.00358726
0.480125 0.477269 0.00285614
0.492708 0.490931 0.00177729
0.497072 0.496882 0.00018977
0.497978 0.500649 0.00267143
0.503961 0.510453 0.0064921
0.52164 0.528807 0.00716665
0.540264 0.541137 0.000872697
0.534765 0.529305 0.0054602
0.500319 0.495476 0.00484309
0.453448 0.452276 0.0011717
0.407414 0.409255 0.00184054
0.367864 0.37097 0.00310625
0.335345 0.337519 0.00217377
0.305983 0.305411 0.000572413
0.275457 0.272422 0.00303465
0.246591 0.242189 0.0044018
0.22663 0.221773 0.00485673
0.222044 0.220271 0.00177306
0.241526 0.246529 0.00500307
0.290332 0.29697 0.0066383
0.353008 0.353706 0.000698245
0.406122 0.402014 0.00410821
0.441514 0.435838 0.00567581
0.459321 0.453907 0.00541449
0.462487 0.458677 0.00381044
0.456995 0.455831 0.00116353
0.451153 0.45369 0.00253663
0.455343 0.461769 0.00642643
0.476827 0.48392 0.00709344
0.506826 0.507953 0.00112734
0.518467 0.51246 0.00600671
0.499975 0.494724 0.00525068
0.468368 0.46772 0.000647877
0.439823 0.44255 0.00272653
0.420176 0.423878 0.00370207
0.407675 0.409545 0.00186989
0.393413 0.391402 0.00201096
0.366473 0.362576 0.00389661
0.328565 0.327552 0.0010127
0.295349 0.297624 0.00227522
0.27769 0.281957 0.00426719
0.27964 0.285302 0.00566244
0.300246 0.305478 0.00523224
0.331969 0.335175 0.00320615
0.366985 0.369031 0.00204617
0.404295 0.406473 0.0021776
0.444563 0.444859 0.000296188
0.478151 0.475453 0.00269784
0.496591 0.49433 0.0022606
0.504961 0.50567 0.000708631
0.512258 0.516309 0.00405105
0.524286 0.530555 0.00626857
0.540408 0.546967 0.00655921
0.553478 0.557753 0.00427539
0.551769 0.550397 0.0013717
0.523716 0.518536 0.00518017
0.474592 0.472135 0.00245683
0.422396 0.423562 0.00116571
0.375719 0.378251 0.00253158
0.33472 0.336531 0.00181124
0.297391 0.297254 0.000137213
0.263347 0.260497 0.00284965
0.234367 0.228135 0.00623208
0.212982 0.203898 0.0090837
0.20317 0.194991 0.00817932
0.213206 0.212544 0.000662399
0.254009 0.260388 0.00637917
0.319445 0.321844 0.00239942
0.380219 0.375627 0.00459228
0.419111 0.411983 0.00712778
0.436845 0.430378 0.00646655
0.438976 0.434354 0.00462193
0.431479 0.429304 0.0021754
0.421412 0.422642 0.00122981
0.418733 0.42432 0.00558684
0.434368 0.442554 0.00818639
0.46845 0.473 0.00455016
0.49883 0.495165 0.00366545
0.502452 0.49702 0.00543236
0.488075 0.486771 0.00130365
0.473419 0.47592 0.00250129
0.466621 0.470721 0.00410048
0.46768 0.470704 0.00302406
0.469358 0.468606 0.000752401
0.458802 0.452985 0.00581667
0.425524 0.419774 0.00575049
0.38032 0.380648 0.000328136
0.343669 0.34803 0.00436149
0.321877 0.326827 0.00495026
0.312329 0.315654 0.00332539
0.30866 0.309562 0.00090223
0.305103 0.30469 0.000412751
0.30173 0.302791 0.00106051
0.307124 0.313191 0.00606675
0.335705 0.345292 0.00958713
0.3868 0.390704 0.003904
0.435006 0.43291 0.00209571
0.468582 0.46599 0.00259248
0.491975 0.491173 0.000801946
0.509433 0.510462 0.00102944
0.522524 0.525114 0.00258985
0.532374 0.536856 0.00448214
0.541957 0.549164 0.00720736
0.554567 0.562251 0.00768413
0.560963 0.562186 0.00122257
0.540958 0.53673 0.00422773
0.496276 0.492855 0.00342068
0.442587 0.441936 0.000651467
0.38951 0.391118 0.00160784
0.341521 0.343902 0.0023806
0.300309 0.301441 0.00113248
0.265405 0.263316 0.00208904
0.235665 0.229369 0.00629586
0.212111 0.202034 0.010077
0.198146 0.186789 0.0113565
0.199641 0.193476 0.00616476
0.228099 0.232331 0.00423241
0.289463 0.294348 0.00488456
0.35711 0.353479 0.00363109
0.402448 0.394943 0.00750516
0.424371 0.41734 0.00703119
0.429316 0.424043 0.00527312
0.42304 0.420031 0.0030093
0.411838 0.411794 4.43835e-005
0.404243 0.408331 0.0040879
0.411844 0.419966 0.00812163
0.441751 0.448942 0.00719137
0.4801 0.479522 0.000577886
0.49888 0.493621 0.00525891
0.495365 0.49292 0.00244501
0.486568 0.488276 0.00170798
0.483317 0.487385 0.0040684
0.487698 0.491779 0.00408053
0.495048 0.496813 0.00176508
0.495409 0.492354 0.00305503
0.475176 0.467893 0.00728342
0.431872 0.428376 0.00349613
0.386247 0.388548 0.00230092
0.352044 0.356376 0.00433166
0.328994 0.332356 0.00336217
0.311928 0.31295 0.00102192
0.295677 0.294639 0.00103784
0.279103 0.277379 0.00172405
0.266461 0.266479 1.78691e-005
0.267882 0.273427 0.00554522
0.2971 0.306899 0.00979931
0.351706 0.356474 0.00476809
0.406219 0.40458 0.00163876
0.44682 0.443397 0.0034233
0.474673 0.471859 0.00281404
0.492267 0.49052 0.00174735
0.501216 0.500735 0.000481098
0.50439 0.505994 0.00160449
0.508069 0.513195 0.00512566
0.520664 0.528448 0.00778379
0.540069 0.544199 0.00412993
0.54392 0.540389 0.00353126
0.517088 0.511551 0.00553693
0.471246 0.468654 0.00259216
0.421985 0.422751 0.000766272
0.377341 0.380074 0.00273298
0.339892 0.342587 0.00269527
0.308007 0.30852 0.000513466
0.277522 0.27499 0.00253237
0.24808 0.243264 0.00481562
0.225246 0.218955 0.00629081
0.215049 0.210109 0.00493984
0.225333 0.227056 0.0017226
0.265582 0.272745 0.00716288
0.328773 0.331465 0.00269232
0.387755 0.384076 0.00367876
0.427922 0.421902 0.0060205
0.449213 0.443294 0.00591908
0.454801 0.450269 0.00453226
0.449934 0.447748 0.00218607
0.442006 0.443177 0.00117089
0.440894 0.446247 0.00535258
0.456678 0.464416 0.00773802
0.48807 0.491991 0.00392081
0.511932 0.507698 0.00423361
0.506559 0.500541 0.00601789
0.481961 0.480084 0.00187747
0.456649 0.458685 0.00203588
0.439295 0.44306 0.00376477
0.430417 0.433174 0.00275729
0.422991 0.421968 0.00102331
0.404383 0.399552 0.00483079
0.368412 0.365211 0.00320132
0.328593 0.3302 0.00160749
0.300976 0.305365 0.00438903
0.290958 0.296349 0.0053907
0.297933 0.30275 0.00481732
0.315985 0.318927 0.00294155
0.337704 0.339479 0.00177532
0.361688 0.364814 0.0031263
0.39456 0.399322 0.00476205
0.437346 0.438558 0.00121212
0.473357 0.470769 0.00258809
0.494354 0.492678 0.0016755
0.507223 0.508585 0.00136233
0.519313 0.523423 0.00411049
0.533293 0.539105 0.00581184
0.547662 0.554345 0.00668278
0.558883 0.564893 0.00600988
0.559411 0.560253 0.00084186
0.535517 0.531073 0.00444424
0.488127 0.485253 0.00287384
0.434693 0.43502 0.000327236
0.384334 0.386231 0.00189703
0.338553 0.340393 0.00184026
0.297473 0.297866 0.000392915
0.261732 0.259224 0.0025075
0.232117 0.225555 0.0065617
0.209736 0.199395 0.0103412
0.197502 0.186578 0.0109243
0.202217 0.197599 0.00461818
0.235499 0.240472 0.00497295
0.298999 0.302924 0.00392468
0.364498 0.360331 0.00416685
0.407196 0.399575 0.00762055
0.426719 0.419761 0.00695756
0.429725 0.424698 0.00502686
0.422334 0.419676 0.00265837
0.411058 0.411542 0.000484396
0.404975 0.409724 0.00474921
0.415625 0.423931 0.00830633
0.447827 0.454244 0.00641741
0.484792 0.483129 0.00166311
0.499622 0.494326 0.00529645
0.493827 0.49196 0.00186743
0.484917 0.487078 0.00216139
0.48242 0.486632 0.00421201
0.487392 0.491247 0.00385515
0.494233 0.495385 0.00115216
0.492272 0.488349 0.00392254
0.468219 0.460965 0.00725405
0.42318 0.420679 0.00250051
0.379029 0.381925 0.0028965
0.347062 0.351466 0.00440366
0.325862 0.328982 0.00311956
0.30989 0.310599 0.000709333
0.29422 0.293034 0.00118612
0.278424 0.276896 0.00152788
0.26762 0.268465 0.000844645
0.273021 0.27984 0.0068195
0.307634 0.317256 0.00962248
0.363976 0.367344 0.0033676
0.416014 0.413753 0.00226097
0.453821 0.450499 0.00332247
0.47965 0.477157 0.00249261
0.495792 0.494425 0.00136656
0.503862 0.503836 2.61815e-005
0.507024 0.509298 0.00227357
0.512066 0.517974 0.00590808
0.526595 0.534339 0.00774376
0.544499 0.54717 0.00267093
0.541807 0.537344 0.00446262
0.509135 0.504035 0.00510026
0.461087 0.459222 0.00186521
0.411714 0.412981 0.00126702
0.367733 0.370595 0.00286169
0.330933 0.333315 0.0023822
0.299143 0.299004 0.000138802
0.268597 0.265394 0.00320335
0.240262 0.234746 0.00551588
0.219853 0.213028 0.00682518
0.213271 0.208839 0.00443156
0.229289 0.232465 0.00317588
0.276338 0.28333 0.00699162
0.341571 0.342539 0.000968338
0.397109 0.392381 0.0047276
0.432555 0.426266 0.00628943
0.449513 0.443748 0.005765
0.451819 0.447709 0.00411045
0.445212 0.443644 0.00156757
0.4375 0.439535 0.00203477


 RMSE:  0.00436818
 NMSE:  0.000111955
Test
0.460256 0.467789 0.00753287
0.489288 0.494157 0.00486894
0.514352 0.511115 0.00323688
0.510899 0.504407 0.00649239
0.484666 0.481879 0.00278678
0.455237 0.45667 0.00143347
0.432995 0.43659 0.00359527
0.419657 0.422763 0.00310633
0.409545 0.409376 0.000168639
0.390975 0.387052 0.00392301
0.356907 0.353774 0.00313316
0.318323 0.319318 0.00099453
0.290964 0.294674 0.00370962
0.281486 0.286712 0.00522631
0.291036 0.296525 0.00548858
0.31485 0.318759 0.00390889
0.344546 0.346801 0.00225543
0.376358 0.378848 0.00249023
0.413471 0.416279 0.00280801
0.454006 0.453548 0.000457549
0.484148 0.481287 0.00286106
0.499746 0.498478 0.00126762
0.508638 0.510648 0.00200969
0.518671 0.523592 0.00492089
0.532802 0.539234 0.00643187
0.548089 0.554427 0.0063376
0.557401 0.561014 0.00361294
0.549427 0.546937 0.00248989
0.514445 0.509657 0.00478784
0.462789 0.461375 0.00141443
0.411047 0.412607 0.00155962
0.364703 0.367027 0.0023241
0.323233 0.324595 0.00136222
0.285609 0.284888 0.000721384
0.252464 0.248635 0.003829
0.225411 0.21783 0.00758084
0.20664 0.196521 0.0101195
0.200685 0.192871 0.00781364
0.217015 0.218032 0.00101682
0.265429 0.271789 0.00636032
0.333266 0.333671 0.000404557
0.389687 0.383735 0.00595188
0.422406 0.415041 0.00736549
0.434983 0.428855 0.00612789
0.433569 0.4295 0.00406878
0.424241 0.4228 0.0014408
0.414511 0.416755 0.00224418
0.415017 0.42161 0.00659275
0.435779 0.443951 0.00817228
0.472557 0.475383 0.00282566
0.499371 0.494611 0.0047602
0.499357 0.494871 0.0044861
0.486364 0.486265 9.8604e-005
0.475873 0.479081 0.00320787
0.473654 0.47784 0.00418643
0.477809 0.480366 0.0025571
0.479786 0.478169 0.00161748
0.46634 0.459762 0.00657834
0.429141 0.423996 0.00514486
0.383276 0.384438 0.00116205
0.34765 0.352165 0.00451508
0.325857 0.330327 0.00446962
0.313944 0.316378 0.0024338
0.305481 0.305537 5.55611e-005
0.296266 0.295344 0.000922474
0.288321 0.289133 0.000811503
0.29122 0.297348 0.00612845
0.319506 0.32951 0.0100042
0.372073 0.37652 0.00444652
0.423103 0.421226 0.00187714
0.459784 0.456869 0.00291464
0.485338 0.483765 0.00157326
0.503358 0.503326 3.18318e-005
0.515349 0.516711 0.00136225
0.522929 0.526199 0.00326993
0.530368 0.536726 0.00635846
0.543366 0.551404 0.0080377
0.555973 0.558722 0.00274895
0.545931 0.541929 0.00400247
0.507624 0.503274 0.00434962
0.456071 0.454577 0.00149366
0.403441 0.404682 0.00124079
0.355609 0.358176 0.00256693
0.314679 0.316563 0.00188373
0.279873 0.279015 0.000857974
0.24914 0.244502 0.00463803
0.223128 0.215006 0.008122
0.205673 0.195655 0.0100176
0.202041 0.19519 0.00685094
0.222138 0.224741 0.00260346
0.27535 0.281757 0.00640722
0.344037 0.342912 0.0011252
0.396413 0.389872 0.00654147
0.42536 0.418293 0.007067
0.435855 0.430106 0.00574891
0.433284 0.429559 0.00372483
0.423628 0.422617 0.00101127
0.414761 0.417557 0.00279571
0.417621 0.424736 0.00711519


 RMSE:  0.00454625
 NMSE:  0.000123493

 ------------------------------ 3  271031  0.00436818  0.00454625
