3 nl 0.00753032    0.0968308    24    0
3 nl 0.00753032    0.0968308    48    1
3 nl 0.00753032    0.094043    72    2
3 nl 0.00753032    0.0939745    96    3
3 nl 0.00753032    0.0936847    120    4
3 nl 0.00753032    0.0936847    144    5
3 nl 0.00753032    0.0936847    168    6
3 nl 0.00753032    0.091045    192    7
3 nl 0.00753032    0.0906463    216    8
3 nl 0.00753032    0.089842    240    9
3 nl 0.00753032    0.0862171    264    10
3 nl 0.00753032    0.0824423    288    11
3 nl 0.00753032    0.082176    312    12
3 nl 0.00753032    0.081591    336    13
3 nl 0.00753032    0.081591    360    14
3 nl 0.00753032    0.0803291    384    15
3 nl 0.00753032    0.0776062    408    16
3 nl 0.00753032    0.0775422    432    17
3 nl 0.00753032    0.0757477    456    18
3 nl 0.00753032    0.074115    480    19
3 nl 0.00753032    0.074115    504    20
3 nl 0.00753032    0.074115    528    21
3 nl 0.00753032    0.0733543    552    22
3 nl 0.00753032    0.0678265    576    23
3 nl 0.00753032    0.0678265    600    24
3 nl 0.00753032    0.0678265    624    25
3 nl 0.00753032    0.066766    648    26
3 nl 0.00753032    0.066766    672    27
3 nl 0.00753032    0.0652491    696    28
3 nl 0.00753032    0.0623014    720    29
3 nl 0.00753032    0.0623014    744    30
3 nl 0.00753032    0.0623014    768    31
3 nl 0.00753032    0.0616601    792    32
3 nl 0.00753032    0.0603148    816    33
3 nl 0.00753032    0.0603148    840    34
3 nl 0.00753032    0.056087    864    35
3 nl 0.00753032    0.056087    888    36
3 nl 0.00753032    0.0489454    912    37
3 nl 0.00753032    0.0486168    936    38
3 nl 0.00753032    0.0486168    960    39
3 nl 0.00753032    0.0486168    984    40
3 nl 0.00753032    0.0486168    1008    41
3 nl 0.00753032    0.0470207    1032    42
3 nl 0.00753032    0.0470207    1056    43
3 nl 0.00753032    0.0463207    1080    44
3 nl 0.00753032    0.0463207    1104    45
3 nl 0.00753032    0.0442767    1128    46
3 nl 0.00753032    0.037128    1152    47
3 nl 0.00753032    0.0350245    1176    48
3 nl 0.00753032    0.0350245    1200    49
3 nl 0.00753032    0.0350245    1224    50
3 nl 0.00753032    0.0344241    1248    51
3 nl 0.00753032    0.0333672    1272    52
3 nl 0.00753032    0.0333672    1296    53
3 nl 0.00753032    0.0333672    1320    54
3 nl 0.00753032    0.0316925    1344    55
3 nl 0.00753032    0.0316925    1368    56
3 nl 0.00753032    0.0316925    1392    57
3 nl 0.00753032    0.0312753    1416    58
3 nl 0.00753032    0.0312753    1440    59
3 nl 0.00753032    0.0312542    1464    60
3 nl 0.00753032    0.0309424    1488    61
3 nl 0.00753032    0.0309424    1512    62
3 nl 0.00753032    0.0309424    1536    63
3 nl 0.00753032    0.0309424    1560    64
3 nl 0.00753032    0.0309424    1584    65
3 nl 0.00753032    0.0306575    1608    66
3 nl 0.00753032    0.0306575    1632    67
3 nl 0.00753032    0.0306575    1656    68
3 nl 0.00753032    0.03064    1680    69
3 nl 0.00753032    0.03064    1704    70
3 nl 0.00753032    0.03064    1728    71
3 nl 0.00753032    0.03064    1752    72
3 nl 0.00753032    0.0303393    1776    73
3 nl 0.00753032    0.0303393    1800    74
3 nl 0.00753032    0.030318    1824    75
3 nl 0.00753032    0.030318    1848    76
3 nl 0.00753032    0.030318    1872    77
3 nl 0.00753032    0.030318    1896    78
3 nl 0.00753032    0.030318    1920    79
3 nl 0.00753032    0.030318    1944    80
3 nl 0.00753032    0.030318    1968    81
3 nl 0.00753032    0.030318    1992    82
3 nl 0.00753032    0.030318    2016    83
3 nl 0.00753032    0.0301895    2040    84
3 nl 0.00753032    0.0301895    2064    85
3 nl 0.00753032    0.0301895    2088    86
3 nl 0.00753032    0.0301895    2112    87
3 nl 0.00753032    0.0301895    2136    88
3 nl 0.00753032    0.0301895    2160    89
3 nl 0.00753032    0.0298734    2184    90
3 nl 0.00753032    0.0298734    2208    91
3 nl 0.00753032    0.0196221    3436    92
3 nl 0.00753032    0.0196221    3460    93
3 nl 0.00753032    0.0196221    3484    94
3 nl 0.00753032    0.0196221    3508    95
3 nl 0.00753032    0.0196221    3532    96
3 nl 0.00753032    0.0196221    3556    97
3 nl 0.00753032    0.0196221    3580    98
3 nl 0.00753032    0.0196221    3604    99
3 nl 0.00753032    0.0195629    3628    100
3 nl 0.00753032    0.0195629    3652    101
3 nl 0.00753032    0.0195189    3676    102
3 nl 0.00753032    0.0195189    3700    103
3 nl 0.00753032    0.0195189    3724    104
3 nl 0.00753032    0.0195189    3748    105
3 nl 0.00753032    0.0195189    3772    106
3 nl 0.00753032    0.0195189    3796    107
3 nl 0.00753032    0.0195189    3820    108
3 nl 0.00753032    0.0195189    3844    109
3 nl 0.00753032    0.0195189    3868    110
3 nl 0.00753032    0.0195189    3892    111
3 nl 0.00753032    0.0195189    3916    112
3 nl 0.00753032    0.0195189    3940    113
3 nl 0.00753032    0.0195189    3964    114
3 nl 0.00753032    0.0195189    3988    115
3 nl 0.00753032    0.0195189    4012    116
3 nl 0.00753032    0.0195189    4036    117
3 nl 0.00753032    0.0195189    4060    118
3 nl 0.00753032    0.0195189    4084    119
3 nl 0.00753032    0.0195189    4108    120
3 nl 0.00753032    0.0195189    4132    121
3 nl 0.00753032    0.0195189    4156    122
3 nl 0.00753032    0.0195189    4180    123
3 nl 0.00753032    0.0195189    4204    124
3 nl 0.00753032    0.0195189    4228    125
3 nl 0.00753032    0.0195189    4252    126
3 nl 0.00753032    0.0195189    4276    127
3 nl 0.00753032    0.0195189    4300    128
3 nl 0.00753032    0.0195189    4324    129
3 nl 0.00753032    0.0195189    4348    130
3 nl 0.00753032    0.0195189    4372    131

 ------------------------------ 3  272318  RMSE:  0.0194942  0.0394227 NMSE:  0.000649867 0.00825195
