Train
0.816405 0.81112 0.00528513
0.817021 0.81112 0.00590087
0.816918 0.811938 0.00498038
0.817598 0.817661 6.29324e-005
0.822828 0.817661 0.00516747
0.82441 0.817661 0.0067494
0.823537 0.817661 0.00587568
0.823458 0.816026 0.00743164
0.822105 0.816026 0.00607917
0.821615 0.815209 0.00640646
0.821154 0.811938 0.00921606
0.818082 0.816026 0.00205562
0.820769 0.812756 0.00801305
0.819661 0.811938 0.00772325
0.817379 0.816026 0.00135338
0.821098 0.80785 0.0132483
0.815401 0.802126 0.0132746
0.807161 0.799673 0.00748783
0.804387 0.800491 0.00389622
0.805428 0.800491 0.00493692
0.806089 0.805397 0.000692276
0.810337 0.806214 0.00412305
0.812526 0.805397 0.00712879
0.811303 0.808667 0.00263586
0.813741 0.816026 0.00228501
0.821318 0.812756 0.00856219
0.820211 0.870809 0.0505979
0.865211 0.865904 0.000693045
0.87677 0.905151 0.0283807
0.895159 0.903516 0.0083568
0.902643 0.903516 0.000873399
0.898965 0.892069 0.00689563
0.891365 0.882257 0.00910819
0.882763 0.882257 0.000505576
0.881761 0.890433 0.00867223
0.888656 0.931316 0.0426602
0.915193 0.930499 0.0153062
0.921522 0.959117 0.0375946
0.931726 0.965658 0.0339319
0.939067 0.991823 0.052756
0.948817 0.973017 0.0242003
0.94462 0.944399 0.000220885
0.927417 0.948487 0.0210705
0.92604 0.956664 0.0306235
0.933674 0.959117 0.0254432
0.935623 0.971382 0.0357595
0.940175 0.985282 0.0451068
0.947256 0.860998 0.0862576
0.882725 0.860998 0.0217265
0.847878 0.860998 0.0131198
0.865282 0.860998 0.00428371
0.867049 0.860998 0.00605148
0.864701 0.860998 0.00370275
0.864701 0.860998 0.00370275
0.864701 0.860998 0.00370275
0.864701 0.860998 0.00370275
0.864701 0.860998 0.00370275
0.864701 0.860998 0.00370275
0.864701 0.860998 0.00370275
0.864701 0.860998 0.00370275
0.864701 0.860998 0.00370275
0.864701 0.860998 0.00370275
0.864701 0.860998 0.00370275
0.864701 0.860998 0.00370275
0.864701 0.860998 0.00370275
0.864701 0.860998 0.00370275
0.864701 0.860998 0.00370275
0.864701 0.860998 0.00370275
0.864701 0.860998 0.00370275
0.864701 0.860998 0.00370275
0.864701 0.860998 0.00370275
0.864701 0.860998 0.00370275
0.864701 0.860998 0.00370275
0.864701 0.710548 0.154153
0.729276 0.753884 0.0246079
0.721721 0.753884 0.0321627
0.761262 0.756337 0.00492488
0.759195 0.756337 0.00285786
0.759272 0.756337 0.00293515
0.758678 0.756337 0.0023405
0.75863 0.756337 0.00229328
0.758623 0.756337 0.00228614
0.758623 0.74816 0.0104631
0.750802 0.74816 0.00264207
0.74814 0.743254 0.00488604
0.744755 0.735895 0.00886045
0.73621 0.730989 0.00522112
0.729919 0.729354 0.000565415
0.728036 0.72363 0.00440561
0.722953 0.715454 0.00749864
0.713611 0.715454 0.00184319
0.711979 0.713818 0.00183889
0.711864 0.704824 0.00703999
0.702888 0.692559 0.0103287
0.688562 0.684383 0.00417913
0.678262 0.683565 0.00530301
0.677052 0.672118 0.00493409
0.667645 0.680294 0.0126488
0.672415 0.676206 0.00379055
0.67311 0.677024 0.00391439
0.671608 0.673753 0.00214546
0.669514 0.672935 0.00342075
0.667471 0.677024 0.00955275
0.671676 0.679477 0.00780091
0.675463 0.679477 0.00401374
0.675697 0.681112 0.0054146
0.676794 0.682747 0.00595306
0.678704 0.682747 0.00404336
0.678903 0.684383 0.00547971
0.680167 0.683565 0.00339828
0.679829 0.681112 0.00128339
0.676942 0.680294 0.00335233
0.675483 0.682747 0.007264
0.677919 0.690106 0.0121865
0.685912 0.690924 0.00501206
0.688715 0.692559 0.00384353
0.689339 0.695012 0.00567312
0.691858 0.699101 0.00724344
0.696127 0.701554 0.00542669
0.699347 0.701554 0.00220672
0.699396 0.704824 0.00542842
0.70201 0.70973 0.00771956
0.707656 0.712183 0.00452744
0.711033 0.715454 0.00442135
0.714115 0.721177 0.00706191
0.720135 0.726083 0.00594763
0.726066 0.731807 0.00574122
0.732138 0.742437 0.0102987
0.743244 0.759608 0.0163644
0.761936 0.770237 0.00830057
0.775555 0.771872 0.00368262
0.777502 0.766966 0.0105364
0.771403 0.760425 0.0109783
0.763156 0.745707 0.017449
0.747681 0.739984 0.00769685
0.738492 0.736713 0.00177937
0.73602 0.729354 0.00666565
0.729088 0.726083 0.00300511
0.724288 0.721177 0.00311056
0.719791 0.719542 0.00024874
0.717331 0.721177 0.003846
0.719337 0.704007 0.0153297
0.70366 0.687653 0.0160066
0.682214 0.6852 0.00298638
0.677364 0.686018 0.00865416
0.680304 0.682747 0.00244262
0.678545 0.68193 0.00338452
0.677033 0.683565 0.00653229
0.678883 0.673753 0.00513038
0.670258 0.62224 0.0480185
0.619449 0.623058 0.00360887
0.606667 0.634505 0.0278377
0.624643 0.635323 0.0106799
0.630177 0.644317 0.0141397
0.638714 0.650859 0.0121447
0.646948 0.6574 0.0104519
0.653194 0.668029 0.0148351
0.663843 0.670482 0.00663921
0.66799 0.663123 0.00486745
0.659888 0.682747 0.0228585
0.675232 0.688471 0.0132395
0.687654 0.677841 0.00981315
0.676383 0.675388 0.000995437
0.669603 0.667212 0.00239122
0.662113 0.647588 0.014525
0.641734 0.6435 0.00176588
0.633667 0.654947 0.0212803
0.646152 0.656582 0.0104297
0.652481 0.670482 0.0180012
0.664904 0.682747 0.017843
0.68036 0.664759 0.0156011
0.664726 0.66067 0.00405572
0.653145 0.591169 0.0619763
0.591488 0.565822 0.025666
0.552765 0.524939 0.0278259
0.524805 0.529845 0.00503962
0.523534 0.53148 0.00794571


 RMSE:  0.0194942
 NMSE:  0.000649867
Test
0.492951 0.473426 0.0195249
0.497307 0.488144 0.0091627
0.50736 0.492232 0.0151278
0.51248 0.478332 0.0341483
0.502578 0.488144 0.0144343
0.50527 0.491415 0.0138552
0.509723 0.494685 0.0150384
0.511677 0.495503 0.016174
0.513213 0.484873 0.0283403
0.505332 0.48242 0.0229115
0.501273 0.457073 0.0442004
0.485661 0.456255 0.0294063
0.480932 0.464432 0.0164997
0.488644 0.47915 0.00949443
0.500236 0.473426 0.0268102
0.500302 0.465249 0.0350528
0.49259 0.451349 0.0412414
0.482286 0.447261 0.0350247
0.477291 0.421913 0.0553778
0.463825 0.422731 0.041094
0.461227 0.424366 0.0368614
0.465155 0.423549 0.0416064
0.465693 0.428455 0.0372384
0.469769 0.421913 0.0478564
0.466913 0.430908 0.0360055
0.470374 0.432543 0.0378311
0.473286 0.427637 0.0456494
0.46989 0.403925 0.0659654
0.4563 0.404742 0.0515583
0.452821 0.413737 0.0390844
0.459421 0.403107 0.0563143
0.455927 0.386754 0.0691733
0.446777 0.403925 0.0428525
0.453582 0.401472 0.05211
0.455759 0.415372 0.0403871
0.462534 0.441537 0.0209968
0.480458 0.438267 0.0421907
0.480852 0.426002 0.0548503
0.471003 0.43009 0.0409131
0.470029 0.446443 0.0235859
0.479469 0.433361 0.0461085
0.474854 0.44072 0.0341344
0.476217 0.44072 0.0354971
0.477941 0.436631 0.0413103
0.474201 0.434178 0.0400231
0.472781 0.453802 0.0189785
0.483656 0.459526 0.0241297
0.491007 0.445626 0.0453809
0.482276 0.432543 0.0497328
0.471539 0.414554 0.0569852
0.45918 0.40556 0.0536203
0.452495 0.396566 0.0559287
0.448888 0.395748 0.0531397
0.448917 0.417007 0.0319096
0.46191 0.44072 0.0211901


 RMSE:  0.0394227
 NMSE:  0.00825195

 ------------------------------ 3  272318  0.0194942  0.0394227
