0.860045 0.731377 0.778781 0.467269 0.485327 0.521445
0.679458 0.873589 0.934537 0.835214 0.812641 0.835214
0.51693 0.591422 0.823928 0.943567 0.485327 0.433409
0.862302 0.595937 0.471783 0.485327 0.681716 0.75395
0.740406 0.887133 0.575621 0.519187 0.44921 0.480813
0.480813 0.643341 0.758465 0.781038 0.772009 0.609481
0.677201 0.428894 0.442438 0.465011 0.532731 0.404063
0.735892 0.480813 0.440181 0.44921 0.474041 0.573363
0.437923 0.582393 0.593679 0.668172 0.683973 0.532731
0.413093 0.555305 0.61851 0.460497 0.408578 0.568849
0.469526 0.586907 0.41535 0.496614 0.325056 0.44921
0.541761 0.388262 0.523702 0.568849 0.388262 0.361174
0.437923 0.474041 0.440181 0.417607 0.300226 0.309255
0.397291 0.329571 0.388262 0.325056 0.370203 0.390519
0.354402 0.309255 0.331828 0.295711 0.291196 0.34763
0.264108 0.252822 0.259594 0.243792 0.363431 0.334086
0.345372 0.345372 0.383747 0.361174 0.367946 0.354402
0.297968 0.293454 0.27991 0.295711 0.221219 0.23702
0.363431 0.410835 0.354402 0.399549 0.358916 0.340858
0.295711 0.309255 0.329571 0.291196 0.288939 0.343115
0.295711 0.306998 0.329571 0.286682 0.306998 0.286682
0.433409 0.282167 0.320542 0.345372 0.354402 0.383747
0.318284 0.352144 0.349887 0.358916 0.340858 0.361174
0.406321 0.365688 0.417607 0.465011 0.413093 0.507901
0.440181 0.331828 0.397291 0.356659 0.399549 0.322799
0.316027 0.383747 0.519187 0.595937 0.442438 0.512415
0.455982 0.322799 0.334086 0.417607 0.489842 0.48307
0.433409 0.643341 0.726862 0.492099 0.498871 0.467269
0.386005 0.38149 0.431151 0.557562 0.573363 0.446953
0.331828 0.356659 0.44921 0.460497 0.525959 0.455982
0.774266 0.679458 0.462754 0.462754 0.446953 0.609481
0.428894 0.390519 0.609481 0.681716 0.559819 0.404063
0.455982 0.480813 0.546275 0.474041 0.467269 0.401806
0.609481 0.758465 0.600451 0.465011 0.553047 0.446953
0.857788 0.914221 0.546275 0.455982 0.492099 0.609481
0.598194 0.492099 0.85553 0.977427 0.428894 0.444695
0.469526 0.503386 0.507901 0.48307 0.519187 0.792325
0.634312 0.835214 0.887133 0.889391 0.582393 0.625282
0.503386 0.444695 0.469526 0.404063 0.453725 0.471783
0.697517 0.668172 0.589165 0.417607 0.478555 0.505643
0.426637 0.437923 0.501129 0.681716 0.717833 0.708804
0.431151 0.442438 0.48307 0.467269 0.638826 0.519187
0.458239 0.600451 0.485327 0.503386 0.598194 0.611738
0.433409 0.458239 0.465011 0.534989 0.548533 0.595937
0.361174 0.376975 0.446953 0.507901 0.51693 0.424379
0.340858 0.340858 0.306998 0.345372 0.406321 0.419865
0.30474 0.363431 0.361174 0.37246 0.376975 0.442438
0.27991 0.268623 0.264108 0.291196 0.291196 0.27991
0.316027 0.306998 0.309255 0.361174 0.295711 0.311512
0.282167 0.255079 0.261851 0.316027 0.309255 0.343115
0.230248 0.31377 0.309255 0.306998 0.297968 0.34763
0.225734 0.248307 0.187359 0.241535 0.252822 0.264108
0.383747 0.329571 0.261851 0.288939 0.316027 0.386005
0.358916 0.410835 0.440181 0.440181 0.446953 0.352144
0.410835 0.446953 0.503386 0.401806 0.3386 0.510158
0.598194 0.340858 0.31377 0.462754 0.48307 0.336343
0.248307 0.336343 0.295711 0.309255 0.34763 0.352144
0.345372 0.435666 0.462754 0.507901 0.523702 0.367946
0.365688 0.577878 0.544018 0.311512 0.358916 0.478555
0.573363 0.428894 0.3386 0.370203 0.352144 0.309255
0.358916 0.480813 0.670429 0.744921 0.512415 0.487585
0.6614 0.760722 0.794582 0.860045 0.553047 0.593679
0.740406 0.632054 0.444695 0.498871 0.367946 0.453725
0.397291 0.478555 0.388262 0.467269 0.589165 0.778781
0.632054 0.404063 0.408578 0.361174 0.417607 0.465011
0.519187 0.428894 0.431151 0.406321 0.437923 0.733634
0.537246 0.708804 0.496614 0.808126 0.519187 0.426637
0.841986 0.555305 0.480813 0.404063 0.395034 0.422122
0.44921 0.643341 0.519187 0.835214 0.428894 0.437923
0.548533 0.871332 0.930023 0.496614 0.507901 0.503386
0.575621 0.487585 0.492099 0.525959 0.774266 0.704289
0.776524 0.742664 0.487585 0.598194 0.749436 0.871332
0.839729 0.575621 0.711061 0.681716 0.654628 0.48307
0.451467 0.492099 0.548533 0.697517 0.487585 0.501129
0.406321 0.419865 0.419865 0.58465 0.446953 0.422122
0.354402 0.361174 0.487585 0.48307 0.537246 0.489842
0.370203 0.37246 0.512415 0.537246 0.555305 0.532731
0.395034 0.383747 0.44921 0.417607 0.422122 0.401806
0.395034 0.440181 0.374718 0.431151 0.478555 0.455982
0.431151 0.309255 0.395034 0.363431 0.343115 0.390519
0.316027 0.345372 0.3386 0.340858 0.374718 0.37246
0.327314 0.316027 0.318284 0.30474 0.273138 0.268623
0.340858 0.311512 0.309255 0.225734 0.232506 0.234763
0.266366 0.31377 0.291196 0.248307 0.266366 0.241535
0.340858 0.3386 0.316027 0.343115 0.320542 0.196388
0.331828 0.388262 0.309255 0.334086 0.311512 0.309255
0.30474 0.30474 0.331828 0.302483 0.358916 0.361174
0.433409 0.320542 0.288939 0.295711 0.34763 0.390519
0.300226 0.300226 0.428894 0.379233 0.433409 0.417607
0.401806 0.37246 0.345372 0.297968 0.27088 0.316027
0.390519 0.383747 0.367946 0.390519 0.458239 0.38149
0.446953 0.440181 0.528217 0.320542 0.320542 0.374718
0.376975 0.410835 0.408578 0.507901 0.528217 0.345372
0.399549 0.519187 0.379233 0.480813 0.404063 0.532731
0.406321 0.489842 0.503386 0.349887 0.376975 0.548533
0.440181 0.453725 0.706546 0.352144 0.288939 0.311512
0.512415 0.632054 0.383747 0.510158 0.553047 0.577878
0.426637 0.541761 0.471783 0.379233 0.417607 0.465011
0.480813 0.460497 0.462754 0.514673 0.79684 0.873589
0.431151 0.440181 0.677201 0.731377 0.758465 0.677201
0.704289 0.485327 0.519187 0.494357 0.519187 0.487585
0.444695 0.440181 0.496614 0.498871 0.444695 0.437923
0.510158 0.641084 0.419865 0.458239 0.428894 0.591422
0.467269 0.451467 0.440181 0.713318 0.760722 0.530474
0.715576 0.742664 0.462754 0.643341 0.616253 0.440181
0.408578 0.440181 0.485327 0.659142 0.76298 0.469526
0.514673 0.422122 0.428894 0.444695 0.647856 0.575621
0.557562 0.485327 0.395034 0.363431 0.422122 0.553047
0.399549 0.467269 0.478555 0.388262 0.485327 0.496614
0.564334 0.410835 0.485327 0.365688 0.390519 0.349887
0.399549 0.433409 0.379233 0.37246 0.507901 0.512415
0.331828 0.352144 0.383747 0.406321 0.442438 0.386005
0.489842 0.496614 0.501129 0.451467 0.37246 0.352144
0.352144 0.453725 0.458239 0.343115 0.386005 0.367946
0.336343 0.295711 0.306998 0.311512 0.3386 0.38149
0.275395 0.320542 0.320542 0.349887 0.340858 0.325056
0.302483 0.239278 0.158014 0.284424 0.297968 0.273138
0.3386 0.261851 0.257336 0.225734 0.331828 0.306998
0.300226 0.327314 0.30474 0.358916 0.288939 0.264108
0.397291 0.440181 0.316027 0.395034 0.433409 0.417607
0.27088 0.300226 0.291196 0.34763 0.302483 0.340858
0.318284 0.37246 0.27991 0.286682 0.329571 0.397291
0.297968 0.386005 0.442438 0.367946 0.38149 0.501129
0.370203 0.320542 0.266366 0.343115 0.284424 0.297968
0.376975 0.311512 0.27991 0.309255 0.44921 0.541761
0.616253 0.546275 0.406321 0.480813 0.600451 0.417607
0.37246 0.349887 0.3386 0.469526 0.616253 0.641084
0.48307 0.523702 0.604966 0.539503 0.431151 0.343115
0.580135 0.428894 0.437923 0.3386 0.37246 0.367946
0.514673 0.37246 0.316027 0.406321 0.636569 0.740406
0.623025 0.37246 0.358916 0.379233 0.404063 0.521445
0.404063 0.546275 0.451467 0.534989 0.609481 0.555305
0.62754 0.598194 0.426637 0.523702 0.546275 0.634312
0.632054 0.480813 0.48307 0.48307 0.510158 0.489842
0.476298 0.451467 0.41535 0.431151 0.435666 0.424379
0.778781 0.498871 0.487585 0.677201 0.767494 0.501129
0.476298 0.431151 0.501129 0.55079 0.458239 0.632054
0.433409 0.476298 0.665914 0.580135 0.731377 0.643341
0.505643 0.541761 0.474041 0.604966 0.399549 0.433409
0.751693 0.744921 0.814898 0.767494 0.783296 0.460497
0.645598 0.733634 0.422122 0.523702 0.534989 0.613995
0.444695 0.503386 0.487585 0.530474 0.510158 0.541761
0.76298 0.604966 0.419865 0.383747 0.345372 0.345372
0.444695 0.446953 0.478555 0.534989 0.539503 0.577878
0.575621 0.424379 0.406321 0.336343 0.413093 0.433409
0.336343 0.343115 0.30474 0.343115 0.320542 0.329571
0.460497 0.458239 0.431151 0.336343 0.329571 0.309255
0.286682 0.318284 0.288939 0.386005 0.316027 0.327314
0.268623 0.306998 0.300226 0.275395 0.243792 0.293454
0.435666 0.367946 0.437923 0.399549 0.38149 0.325056
0.243792 0.329571 0.300226 0.286682 0.291196 0.354402
0.349887 0.255079 0.27088 0.288939 0.261851 0.27991
0.286682 0.282167 0.297968 0.386005 0.358916 0.3386
0.309255 0.363431 0.446953 0.354402 0.297968 0.306998
0.345372 0.376975 0.37246 0.345372 0.424379 0.345372
0.30474 0.306998 0.309255 0.340858 0.322799 0.480813
0.334086 0.352144 0.329571 0.331828 0.309255 0.306998
0.444695 0.282167 0.318284 0.300226 0.331828 0.462754
0.476298 0.455982 0.471783 0.408578 0.593679 0.433409
0.444695 0.379233 0.322799 0.320542 0.462754 0.501129
0.544018 0.582393 0.437923 0.413093 0.503386 0.392777
0.485327 0.494357 0.683973 0.399549 0.604966 0.638826
0.422122 0.386005 0.354402 0.469526 0.591422 0.591422
0.489842 0.577878 0.528217 0.600451 0.530474 0.564334
0.476298 0.413093 0.442438 0.501129 0.690745 0.521445
0.460497 0.422122 0.496614 0.600451 0.460497 0.417607
0.417607 0.501129 0.525959 0.446953 0.557562 0.731377
0.485327 0.731377 0.613995 0.431151 0.444695 0.480813
0.564334 0.465011 0.442438 0.451467 0.665914 0.801354
0.534989 0.595937 0.492099 0.702032 0.86456 0.512415
0.65237 0.613995 0.575621 0.503386 0.492099 0.505643
0.575621 0.600451 0.778781 0.476298 0.460497 0.562077
0.41535 0.399549 0.480813 0.580135 0.688488 0.735892
0.828442 0.613995 0.625282 0.460497 0.424379 0.510158
0.413093 0.442438 0.645598 0.604966 0.693002 0.379233
0.395034 0.410835 0.562077 0.616253 0.559819 0.406321
0.476298 0.451467 0.417607 0.383747 0.365688 0.376975
0.386005 0.365688 0.34763 0.3386 0.428894 0.444695
0.388262 0.370203 0.406321 0.440181 0.365688 0.361174
0.309255 0.379233 0.358916 0.376975 0.329571 0.343115
0.300226 0.316027 0.358916 0.327314 0.320542 0.293454
0.379233 0.331828 0.273138 0.230248 0.243792 0.268623
0.295711 0.250564 0.288939 0.300226 0.264108 0.322799
0.252822 0.207675 0.27991 0.286682 0.309255 0.286682
0.34763 0.311512 0.3386 0.327314 0.334086 0.316027
0.3386 0.282167 0.345372 0.370203 0.397291 0.3386
0.275395 0.273138 0.31377 0.379233 0.379233 0.327314
0.455982 0.474041 0.37246 0.275395 0.3386 0.354402
0.343115 0.397291 0.388262 0.487585 0.422122 0.31377
0.343115 0.349887 0.37246 0.424379 0.306998 0.316027
0.376975 0.480813 0.437923 0.422122 0.331828 0.365688
0.370203 0.442438 0.413093 0.325056 0.334086 0.386005
0.410835 0.401806 0.530474 0.469526 0.354402 0.363431
0.329571 0.363431 0.487585 0.537246 0.609481 0.467269
0.426637 0.367946 0.428894 0.413093 0.478555 0.37246
0.467269 0.316027 0.349887 0.334086 0.433409 0.61851
0.376975 0.496614 0.580135 0.659142 0.625282 0.663657
0.437923 0.620767 0.41535 0.390519 0.395034 0.390519
0.410835 0.451467 0.395034 0.426637 0.422122 0.65237
