3 nl 0.0194942    0.0353981    24    0
3 nl 0.0194942    0.0141806    48    1
3 nl 0.0194942    0.0141806    72    2
3 nl 0.0194942    0.0108166    96    3
3 nl 0.0194942    0.0108166    120    4
3 nl 0.0194942    0.00664536    144    5
3 nl 0.0194942    0.00664536    168    6
3 nl 0.0194942    0.00664536    192    7
3 nl 0.0194942    0.00452676    216    8
3 nl 0.0194942    0.00281562    240    9
3 nl 0.0194942    0.00251139    264    10
3 nl 0.0194942    0.00138121    288    11
3 nl 0.0194942    0.00138121    312    12
3 nl 0.0194942    0.0010107    336    13
3 nl 0.0194942    0.000946619    360    14
3 nl 0.0194942    0.000665833    384    15
3 nl 0.0194942    0.000627815    408    16
3 nl 0.0194942    0.0003972    432    17
3 nl 0.0194942    0.000390155    456    18
3 nl 0.0194942    0.000390153    480    19
3 nl 0.0194942    0.000390153    504    20
3 nl 0.0194942    0.000390153    528    21
3 nl 0.0194942    0.000390153    552    22
3 nl 0.0194942    0.000390153    576    23
3 nl 0.0194942    0.000390153    600    24
3 nl 0.0194942    0.000390153    624    25
3 nl 0.0194942    0.000390153    648    26
3 nl 0.0194942    0.000390153    672    27
3 nl 0.0194942    0.000390153    696    28
3 nl 0.0194942    0.000390153    720    29
3 nl 0.0194942    0.000390153    744    30
3 nl 0.0194942    0.000390153    768    31
3 nl 0.0194942    0.000390153    792    32
3 nl 0.0194942    0.000390153    816    33
3 nl 0.0194942    0.000390153    840    34
3 nl 0.0194942    0.000390153    864    35
3 nl 0.0194942    0.000390153    888    36
3 nl 0.0194942    0.000390153    912    37
3 nl 0.0194942    0.000390153    936    38
3 nl 0.0194942    0.000390153    960    39
3 nl 0.0194942    0.000390153    984    40
3 nl 0.0194942    0.000390153    1008    41
3 nl 0.0194942    0.000390153    1032    42
3 nl 0.0194942    0.000390153    1056    43
3 nl 0.0194942    0.000390153    1080    44
3 nl 0.0194942    0.000390153    1104    45
3 nl 0.0194942    0.000390153    1128    46
3 nl 0.0194942    0.000390153    1152    47
3 nl 0.0194942    0.000390153    1176    48
3 nl 0.0194942    0.000390153    1200    49
3 nl 0.0194942    0.000390153    1224    50
3 nl 0.0194942    0.000390153    1248    51
3 nl 0.0194942    0.000390153    1272    52
3 nl 0.0194942    0.000390153    1296    53
3 nl 0.0194942    0.000390153    1320    54
3 nl 0.0194942    0.000390153    1344    55
3 nl 0.0194942    0.000390153    1368    56
3 nl 0.0194942    0.000390153    1392    57
3 nl 0.0194942    0.000390153    1416    58
3 nl 0.0194942    0.000390153    1440    59
3 nl 0.0194942    0.000390151    1464    60
3 nl 0.0194942    0.000390151    1488    61
3 nl 0.0194942    0.000390151    1512    62
3 nl 0.0194942    0.000390151    1536    63
3 nl 0.0194942    0.000390151    1560    64
3 nl 0.0194942    0.000390151    1584    65
3 nl 0.0194942    0.000390151    1608    66
3 nl 0.0194942    0.000390151    1632    67
3 nl 0.0194942    0.000390151    1656    68
3 nl 0.0194942    0.000390151    1680    69
3 nl 0.0194942    0.000390151    1704    70
3 nl 0.0194942    0.000390151    1728    71
3 nl 0.0194942    0.000390151    1752    72
3 nl 0.0194942    0.000390151    1776    73
3 nl 0.0194942    0.000390151    1800    74
3 nl 0.0194942    0.000390151    1824    75
3 nl 0.0194942    0.000390151    1848    76
3 nl 0.0194942    0.000390151    1872    77
3 nl 0.0194942    0.000390151    1896    78
3 nl 0.0194942    0.000390151    1920    79
3 nl 0.0194942    0.00039015    1944    80
3 nl 0.0194942    0.00039015    1968    81
3 nl 0.0194942    0.00039015    1992    82
3 nl 0.0194942    0.00039015    2016    83
3 nl 0.0194942    0.00039015    2040    84
3 nl 0.0194942    0.00039015    2064    85
3 nl 0.0194942    0.00039015    2088    86
3 nl 0.0194942    0.00039015    2112    87
3 nl 0.0194942    0.00039015    2136    88
3 nl 0.0194942    0.00039015    2160    89
3 nl 0.0194942    0.00039015    2184    90
3 nl 0.0194942    0.00039015    2208    91
