Train
0.112327 0.00405732 0.10827
0.110729 0.0106469 0.100082
0.109585 0.0163185 0.0932664
0.108745 0.0215072 0.0872373
0.10811 0.0265752 0.0815351
0.107619 0.0318344 0.0757846
0.107233 0.0375689 0.0696642
0.106936 0.0440531 0.0628829
0.106732 0.0515693 0.0551625
0.106648 0.0604243 0.0462236
0.106743 0.0709657 0.0357768
0.107118 0.0835973 0.0235211
0.107947 0.098797 0.0091497
0.109508 0.117134 0.00762635
0.112262 0.139287 0.0270252
0.116981 0.166056 0.0490752
0.124986 0.198378 0.0733921
0.13862 0.237311 0.0986909
0.16214 0.284004 0.121864
0.203266 0.3396 0.136334
0.274662 0.405043 0.130381
0.389935 0.480737 0.0908015
0.542796 0.565985 0.0231888
0.688879 0.658196 0.0306832
0.786552 0.751974 0.0345783
0.835781 0.838485 0.00270391
0.854787 0.905854 0.0510674
0.858098 0.94136 0.0832618
0.854075 0.935377 0.0813017
0.846151 0.885364 0.039213
0.831719 0.797342 0.0343771
0.797285 0.683706 0.113579
0.708753 0.558851 0.149902
0.521999 0.435235 0.0867641
0.296101 0.321412 0.0253111
0.160654 0.221913 0.0612594
0.107913 0.138117 0.030204
0.0919647 0.0693475 0.0226172
0.0912534 0.0138007 0.0774527
0.097398 -0.0308035 0.0665945
0.106634 -0.0668183 0.0398155
0.117029 -0.0964499 0.0205796
0.127629 -0.12166 0.00596909
0.138103 -0.144137 0.00603353
0.14854 -0.165318 0.0167781
0.159302 -0.186414 0.0271124
0.170941 -0.20846 0.037519
0.184163 -0.232341 0.0481781
0.199821 -0.258829 0.0590078
0.218939 -0.288584 0.0696448
0.242719 -0.322152 0.079433
0.272509 -0.35992 0.0874112
0.309663 -0.402049 0.0923864
0.355205 -0.448359 0.0931537
0.409264 -0.498179 0.0889154
0.470357 -0.550173 0.0798163
0.534977 -0.602175 0.0671976
0.597994 -0.651116 0.0531223
0.654 -0.693142 0.0391418
0.698848 -0.724013 0.0251652
0.730304 -0.739816 0.00951239
0.747596 -0.73784 0.00975551
0.750403 -0.717342 0.0330609
0.738019 -0.679854 0.0581648
0.709147 -0.628893 0.0802544
0.662655 -0.569173 0.0934818
0.599389 -0.505646 0.0937428
0.524132 -0.44271 0.0814219
0.445502 -0.383739 0.0617629
0.372741 -0.330959 0.0417818
0.311917 -0.285554 0.0263631
0.264745 -0.247901 0.0168436
0.229936 -0.217817 0.0121185
0.205052 -0.194793 0.0102593
0.187681 -0.178168 0.009513
0.175879 -0.167259 0.00862041
0.168241 -0.161439 0.00680176
0.163814 -0.160193 0.00362097
0.162003 -0.163138 0.00113453
0.16249 -0.170033 0.00754309
0.16518 -0.180777 0.015597
0.170182 -0.195404 0.0252224
0.177804 -0.214069 0.036265
0.188583 -0.237031 0.0484477
0.203316 -0.264626 0.0613104
0.223103 -0.297229 0.0741255
0.249371 -0.335193 0.085822
0.283796 -0.378754 0.0949584
0.328031 -0.427892 0.0998606
0.383077 -0.482139 0.0990617
0.44826 -0.540333 0.0920731
0.52023 -0.600345 0.0801151
0.592907 -0.658867 0.0659603
0.659099 -0.711391 0.0522921
0.713004 -0.752555 0.0395508
0.75166 -0.776963 0.025303
0.77446 -0.780405 0.00594545
0.781585 -0.761068 0.0205172
0.772565 -0.72022 0.0523454
0.745607 -0.661983 0.0836236
0.698144 -0.592291 0.105853
0.629195 -0.517514 0.111681
0.543044 -0.44329 0.0997536
0.450672 -0.373859 0.0768125
0.365328 -0.311905 0.0534235
0.295724 -0.258735 0.0369895
0.243742 -0.21462 0.029122
0.20691 -0.179141 0.0277691
0.181501 -0.151498 0.0300027
0.164182 -0.130731 0.0334512
0.152465 -0.11587 0.0365947
0.144631 -0.106033 0.0385983
0.139544 -0.100473 0.0390713
0.136469 -0.0986 0.0378694
0.13495 -0.0999873 0.0349626
0.134723 -0.104363 0.0303604
0.135672 -0.111603 0.0240694
0.137799 -0.121719 0.0160802
0.141221 -0.134854 0.00636704
0.14618 -0.151272 0.00509221
0.15307 -0.171354 0.0182835
0.162486 -0.19559 0.033104
0.17529 -0.224569 0.0492788
0.192709 -0.258953 0.0662438
0.216438 -0.299433 0.0829953
0.248698 -0.346643 0.0979445
0.292123 -0.401013 0.10889
0.34916 -0.462548 0.113388
0.420685 -0.530487 0.109802
0.503941 -0.602875 0.0989342
0.591336 -0.676106 0.0847698
0.672339 -0.744637 0.0722981
0.73811 -0.801181 0.0630709
0.784752 -0.837718 0.0529661
0.812549 -0.847362 0.034813
0.823025 -0.826535 0.00350987
0.816389 -0.7764 0.0399887
0.790157 -0.702692 0.0874649
0.739228 -0.613989 0.125239
0.658988 -0.519384 0.139604
0.552788 -0.426597 0.126191
0.437402 -0.341056 0.0963461
0.334749 -0.265825 0.0689236
0.257056 -0.202042 0.0550144
0.204 -0.149497 0.0545035
0.169562 -0.107176 0.0623864
0.147588 -0.0736722 0.0739157
0.133555 -0.0474637 0.0860916
0.124508 -0.0270869 0.0974211
0.118595 -0.0112241 0.10737
0.114668 0.00126102 0.113407
0.112016 0.011321 0.100695
0.110193 0.0197419 0.0904513
0.10892 0.0271693 0.0817508
0.108019 0.0341382 0.073881
0.107381 0.0411023 0.0662789
0.106944 0.0484615 0.0584821
0.106681 0.0565875 0.0500935
0.106602 0.0658469 0.0407555
0.106754 0.0766223 0.0301321
0.107233 0.0893323 0.0179006
0.108204 0.104451 0.0037528
0.109941 0.122526 0.0125847
0.112895 0.144197 0.0313024
0.117806 0.170206 0.0524001
0.125932 0.20141 0.075478
0.139457 0.23877 0.0993132
0.162267 0.283313 0.121046
0.201233 0.336054 0.134821
0.26745 0.397819 0.130369
0.373278 0.468956 0.0956782
0.516215 0.548852 0.0326374
0.660725 0.635276 0.0254487
0.765323 0.723601 0.0417224
0.822762 0.806249 0.0165134
0.847868 0.872906 0.0250384
0.855068 0.912186 0.057118
0.853207 0.914796 0.0615889
0.846316 0.877061 0.0307453
0.833127 0.802739 0.0303882
0.80368 0.70182 0.10186
0.732142 0.587078 0.145064
0.578503 0.47043 0.108073
0.362252 0.360719 0.00153337
0.201019 0.263174 0.0621551
0.126814 0.179936 0.0531221
0.0994918 0.110985 0.0114932
0.0922834 0.0550083 0.0372751
0.0939963 0.0100646 0.0839317
0.0997807 -0.0259803 0.0738004
0.107254 -0.0551989 0.0520549
0.115201 -0.0794738 0.0357275
0.123086 -0.100451 0.0226349
0.130798 -0.11954 0.0112582
0.138502 -0.137943 0.000558581
0.146536 -0.156692 0.0101564
0.155371 -0.176692 0.0213214
0.165598 -0.198753 0.0331546
0.177954 -0.22362 0.0456659
0.193357 -0.25199 0.0586328
0.212966 -0.284506 0.0715397
0.238214 -0.321727 0.0835127
0.270782 -0.364072 0.0932902
0.3124 -0.411708 0.0993076
0.364358 -0.464391 0.100033
0.426607 -0.521246 0.0946386
0.496721 -0.580514 0.0837928
0.569466 -0.639325 0.0698586
0.637892 -0.693604 0.055712
0.695663 -0.738297 0.0426339
0.738956 -0.768029 0.0290727
0.766556 -0.778195 0.011639
0.77853 -0.766199 0.0123312
0.774709 -0.732322 0.0423871
0.75376 -0.679797 0.0739629
0.713308 -0.614009 0.0992992
0.65164 -0.541205 0.110435
0.571048 -0.467248 0.1038
0.480374 -0.396792 0.0835822
0.392559 -0.332979 0.0595802
0.318063 -0.277523 0.0405397
0.260833 -0.231003 0.0298296
0.219552 -0.193213 0.0263395
0.19078 -0.163478 0.0273025
0.171054 -0.140897 0.0301575
0.157653 -0.124517 0.0331365
0.148652 -0.113444 0.0352083
0.142757 -0.106904 0.0358532
0.139126 -0.104273 0.034853
0.137229 -0.105089 0.0321397
0.136755 -0.109049 0.0277062
0.137557 -0.115996 0.0215605
0.139616 -0.125919 0.0136971
0.143039 -0.138936 0.00410273
0.148061 -0.15529 0.00722891
0.155076 -0.175345 0.0202692
0.164678 -0.199571 0.0348931
0.177734 -0.228535 0.0508015
0.195468 -0.262874 0.067406
0.219563 -0.303248 0.0836845
0.252208 -0.35025 0.0980424
0.295948 -0.404266 0.108318
0.353081 -0.46524 0.112159
0.424279 -0.532358 0.108079
0.506635 -0.603619 0.0969843
0.592633 -0.675416 0.0827826
0.672086 -0.742277 0.0701911
0.736537 -0.79709 0.0605526
0.782246 -0.832113 0.0498667
0.809422 -0.840777 0.031355
0.819429 -0.81975 0.00032052
0.812369 -0.770266 0.0421032
0.78578 -0.697928 0.0878524
0.734804 -0.611044 0.12376
0.655288 -0.518412 0.136876
0.550866 -0.427517 0.123349
0.437785 -0.343647 0.0941381
0.336942 -0.269813 0.0671287
0.260102 -0.207163 0.0529388
0.207168 -0.155529 0.0516392
0.172499 -0.113956 0.0585432
0.150186 -0.0810944 0.0690919
0.135818 -0.0554802 0.0803379
0.12648 -0.0356989 0.0907806
0.120327 -0.0204768 0.0998505
0.11621 -0.00871761 0.107493
0.113408 0.000493718 0.112915
0.111466 0.00790583 0.10356
0.110092 0.0141251 0.0959674
0.109099 0.0196432 0.0894555
0.108361 0.024864 0.0834972
0.107799 0.0301294 0.0776699
0.107363 0.0357419 0.0716212
0.107026 0.0419852 0.065041
0.106784 0.0491426 0.0576409
0.106652 0.0575138 0.0491387
0.106679 0.0674322 0.0392464
0.106946 0.0792804 0.027666
0.107599 0.0935076 0.0140913
0.108871 0.110647 0.00177585
0.111149 0.131333 0.0201841
0.11507 0.156318 0.0412476
0.121722 0.186484 0.0647621
0.133 0.222841 0.0898413
0.15232 0.266503 0.114183
0.18591 0.318622 0.132712
0.244542 0.380232 0.13569
0.342662 0.451973 0.109311
0.484631 0.533619 0.0489877
0.639163 0.623373 0.0157904
0.756486 0.716982 0.039504
0.821648 0.806945 0.0147032
0.849857 0.882439 0.0325823
0.857826 0.930781 0.0729548
0.855953 0.940795 0.0848417
0.849427 0.907023 0.0575959
0.838189 0.832356 0.00583345
0.813685 0.727178 0.0865073
0.75087 0.605548 0.145322


 RMSE:  0.069628
 NMSE:  0.0244417
Test
0.787494 -0.844317 0.0568232
0.816121 -0.855329 0.0392084
0.827234 -0.834926 0.00769197
0.821195 -0.784152 0.0370427
0.795516 -0.708881 0.0866353
0.744819 -0.618016 0.126803
0.663899 -0.521016 0.142883
0.555665 -0.425904 0.129761
0.437469 -0.338289 0.0991801
0.332528 -0.261312 0.0712159
0.253714 -0.196103 0.0576113
0.200449 -0.142406 0.0580432
0.166253 -0.0991378 0.0671148
0.144669 -0.0648204 0.0798484
0.131035 -0.0378652 0.0931696
0.122344 -0.0167474 0.105596
0.116733 -9.5401e-005 0.116638
0.11306 0.0132759 0.0997839
0.110624 0.0243647 0.086259
0.108994 0.034002 0.074992
0.107907 0.0428805 0.0650269
0.107207 0.0515863 0.0556209
0.10681 0.060631 0.0461786
0.106687 0.0704816 0.0362051
0.106862 0.0815884 0.0252735
0.107415 0.0944101 0.0130052
0.108501 0.109437 0.000936364
0.11038 0.127212 0.0168317
0.113483 0.14835 0.0348668
0.118517 0.17355 0.0550326
0.126663 0.203604 0.0769411
0.13994 0.239392 0.0994519
0.16187 0.281846 0.119976
0.198553 0.331874 0.133321
0.259706 0.390218 0.130512
0.356596 0.457191 0.100595
0.489677 0.532278 0.0426014
0.631367 0.613568 0.0177992
0.741913 0.697101 0.0448121
0.807646 0.776354 0.0312925
0.839283 0.842334 0.00305115
0.850766 0.884816 0.0340502
0.851417 0.894892 0.0434745
0.845889 0.868055 0.022166
0.834056 0.806191 0.027865
0.808685 0.717145 0.0915404
0.75014 0.612093 0.138047
0.624442 0.502284 0.122158
0.427243 0.396692 0.0305512
0.248837 0.301119 0.0522822
0.151781 0.218408 0.0666266
0.111061 0.149174 0.0381128
0.0965404 0.0926002 0.00394018
0.0937292 0.0471001 0.0466291
0.096312 0.0107746 0.0855374
0.101282 -0.0182988 0.0829829
0.107104 -0.041909 0.0651949
0.113025 -0.0616415 0.0513836
0.118755 -0.0788634 0.039892
0.124289 -0.0947403 0.0295484
0.129791 -0.110269 0.0195221
0.13554 -0.126318 0.00922211
0.141897 -0.143663 0.00176631
0.149312 -0.163028 0.013716
0.158351 -0.185109 0.0267583
0.169739 -0.2106 0.0408612
0.184432 -0.240196 0.0557645
0.203688 -0.274585 0.0708965
0.229149 -0.314412 0.0852634
0.26283 -0.3602 0.0973699
0.306932 -0.412219 0.105287
0.363216 -0.470283 0.107067
0.431794 -0.533465 0.101671
0.509614 -0.599752 0.090138
0.589899 -0.665719 0.0758205
0.663895 -0.726384 0.0624886
0.724333 -0.775483 0.0511498
0.767703 -0.806377 0.0386737
0.793721 -0.813564 0.019843
0.803169 -0.794328 0.00884052
0.795908 -0.749782 0.0461264
0.769843 -0.684693 0.0851503
0.721224 -0.606172 0.115052
0.64736 -0.521871 0.125489
0.551951 -0.438472 0.113479
0.448327 -0.360867 0.0874605
0.353666 -0.292011 0.0616549
0.278768 -0.233203 0.0455652
0.224992 -0.184533 0.0404594
0.18838 -0.145323 0.043057
0.163998 -0.114494 0.0495045
0.147833 -0.090814 0.0570192
0.137073 -0.0730711 0.0640021
0.129868 -0.0601646 0.0697031
0.125026 -0.051152 0.0738739
0.121785 -0.0452627 0.0765222
0.119656 -0.0418925 0.0777632
0.118324 -0.0405897 0.0777346
0.11759 -0.0410372 0.0765532


 RMSE:  0.073145
 NMSE:  0.0279504

 ------------------------------ 3  260668  0.069628  0.073145
