3 nl 0.00436818    0.237519    24    0
3 nl 0.00436818    0.234175    48    1
3 nl 0.00436818    0.233475    72    2
3 nl 0.00436818    0.233475    96    3
3 nl 0.00436818    0.227833    120    4
3 nl 0.00436818    0.227833    144    5
3 nl 0.00436818    0.222412    168    6
3 nl 0.00436818    0.222412    192    7
3 nl 0.00436818    0.218028    216    8
3 nl 0.00436818    0.218028    240    9
3 nl 0.00436818    0.210051    264    10
3 nl 0.00436818    0.203209    288    11
3 nl 0.00436818    0.191902    312    12
3 nl 0.00436818    0.191902    336    13
3 nl 0.00436818    0.191522    360    14
3 nl 0.00436818    0.182121    384    15
3 nl 0.00436818    0.171758    408    16
3 nl 0.00436818    0.171758    432    17
3 nl 0.00436818    0.167777    456    18
3 nl 0.00436818    0.15828    480    19
3 nl 0.00436818    0.148327    504    20
3 nl 0.00436818    0.143023    528    21
3 nl 0.00436818    0.13068    552    22
3 nl 0.00436818    0.129972    576    23
3 nl 0.00436818    0.12635    600    24
3 nl 0.00436818    0.114933    624    25
3 nl 0.00436818    0.100964    648    26
3 nl 0.00436818    0.0921261    672    27
3 nl 0.00436818    0.0921261    696    28
3 nl 0.00436818    0.0921261    720    29
3 nl 0.00436818    0.0909181    744    30
3 nl 0.00436818    0.0909181    768    31
3 nl 0.00436818    0.0902225    792    32
3 nl 0.00436818    0.089145    816    33
3 nl 0.00436818    0.0889336    840    34
3 nl 0.00436818    0.0878238    864    35
3 nl 0.00436818    0.085218    888    36
3 nl 0.00436818    0.0811313    912    37
3 nl 0.00436818    0.0811313    936    38
3 nl 0.00436818    0.0789725    960    39
3 nl 0.00436818    0.0769254    984    40
3 nl 0.00436818    0.0760948    1008    41
3 nl 0.00436818    0.0760948    1032    42
3 nl 0.00436818    0.0724804    1056    43
3 nl 0.00436818    0.071462    1080    44
3 nl 0.00436818    0.0702357    1104    45
3 nl 0.00436818    0.0702357    1128    46
3 nl 0.00436818    0.069474    1152    47
3 nl 0.00436818    0.068385    1176    48
3 nl 0.00436818    0.0656369    1200    49
3 nl 0.00436818    0.0656369    1224    50
3 nl 0.00436818    0.0656369    1248    51
3 nl 0.00436818    0.0641879    1272    52
3 nl 0.00436818    0.0641879    1296    53
3 nl 0.00436818    0.0639724    1320    54
3 nl 0.00436818    0.0639724    1344    55
3 nl 0.00436818    0.0639724    1368    56
3 nl 0.00436818    0.0639724    1392    57
3 nl 0.00436818    0.0634409    1416    58
3 nl 0.00436818    0.0634409    1440    59
3 nl 0.00436818    0.0631834    1464    60
3 nl 0.00436818    0.0631834    1488    61
3 nl 0.00436818    0.0631834    1512    62
3 nl 0.00436818    0.0629512    1536    63
3 nl 0.00436818    0.0627524    1560    64
3 nl 0.00436818    0.0627524    1584    65
3 nl 0.00436818    0.0627524    1608    66
3 nl 0.00436818    0.0627524    1632    67
3 nl 0.00436818    0.0621069    1656    68
3 nl 0.00436818    0.0621069    1680    69
3 nl 0.00436818    0.0617926    1704    70
3 nl 0.00436818    0.0617926    1728    71
3 nl 0.00436818    0.0617926    1752    72
3 nl 0.00436818    0.0617926    1776    73
3 nl 0.00436818    0.0617926    1800    74
3 nl 0.00436818    0.0599111    1824    75
3 nl 0.00436818    0.0599111    1848    76
3 nl 0.00436818    0.0597956    1872    77
3 nl 0.00436818    0.0597956    1896    78
3 nl 0.00436818    0.0590055    1920    79
3 nl 0.00436818    0.0578642    1944    80
3 nl 0.00436818    0.0573867    1968    81
3 nl 0.00436818    0.0561987    1992    82
3 nl 0.00436818    0.0561987    2016    83
3 nl 0.00436818    0.0561987    2040    84
3 nl 0.00436818    0.0561987    2064    85
3 nl 0.00436818    0.0561987    2088    86
3 nl 0.00436818    0.0561987    2112    87
3 nl 0.00436818    0.0561987    2136    88
3 nl 0.00436818    0.0561987    2160    89
3 nl 0.00436818    0.0561987    2184    90
3 nl 0.00436818    0.0561987    2208    91
3 nl 0.00436818    0.208045    3436    92
3 nl 0.00436818    0.138627    3460    93
3 nl 0.00436818    0.117991    3484    94
3 nl 0.00436818    0.117991    3508    95
3 nl 0.00436818    0.101008    3532    96
3 nl 0.00436818    0.0930872    3556    97
3 nl 0.00436818    0.0790286    3580    98
3 nl 0.00436818    0.0760304    3604    99
3 nl 0.00436818    0.0760304    3628    100
3 nl 0.00436818    0.0760304    3652    101
3 nl 0.00436818    0.0760304    3676    102
3 nl 0.00436818    0.0760304    3700    103
3 nl 0.00436818    0.0760304    3724    104
3 nl 0.00436818    0.0760304    3748    105
3 nl 0.00436818    0.0751179    3772    106
3 nl 0.00436818    0.0750121    3796    107
3 nl 0.00436818    0.0750121    3820    108
3 nl 0.00436818    0.0750121    3844    109
3 nl 0.00436818    0.0750121    3868    110
3 nl 0.00436818    0.0748072    3892    111
3 nl 0.00436818    0.0737618    3916    112
3 nl 0.00436818    0.0737618    3940    113
3 nl 0.00436818    0.0736528    3964    114
3 nl 0.00436818    0.0734542    3988    115
3 nl 0.00436818    0.0734542    4012    116
3 nl 0.00436818    0.0734542    4036    117
3 nl 0.00436818    0.0730527    4060    118
3 nl 0.00436818    0.0719579    4084    119
3 nl 0.00436818    0.0719579    4108    120
3 nl 0.00436818    0.0719579    4132    121
3 nl 0.00436818    0.0719579    4156    122
3 nl 0.00436818    0.0719579    4180    123
3 nl 0.00436818    0.0699112    4204    124
3 nl 0.00436818    0.0699112    4228    125
3 nl 0.00436818    0.0699112    4252    126
3 nl 0.00436818    0.0699112    4276    127
3 nl 0.00436818    0.0699112    4300    128
3 nl 0.00436818    0.0699112    4324    129
3 nl 0.00436818    0.0699112    4348    130
3 nl 0.00436818    0.0699112    4372    131

 ------------------------------ 3  260668  RMSE:  0.069628  0.073145 NMSE:  0.0244417 0.0279504
