Train
0.0371455 0.036085 0.00106052
0.037771 0.0385566 0.000785575
0.0401498 0.0504202 0.0102704
0.0625392 0.0677212 0.00518201
0.083881 0.107761 0.02388
0.146153 0.157687 0.0115337
0.248912 0.249135 0.000222611
0.320806 0.331686 0.0108805
0.427557 0.428571 0.00101393
0.522398 0.513594 0.00880395
0.540553 0.543253 0.00269951
0.657249 0.655462 0.00178657
0.679104 0.68265 0.00354586
0.704314 0.720712 0.0163978
0.70522 0.71824 0.0130196
0.654449 0.647059 0.00739041
0.632921 0.631735 0.00118632
0.585723 0.576866 0.00885722
0.548196 0.536332 0.011864
0.490808 0.497281 0.00647323
0.440114 0.431043 0.0090709
0.379389 0.398418 0.0190292
0.44521 0.432032 0.0131782
0.410904 0.410282 0.000622013
0.40215 0.408304 0.00615377
0.396453 0.383589 0.0128637
0.317439 0.326742 0.00930258
0.294499 0.284231 0.0102681
0.241963 0.245675 0.0037121
0.241178 0.232328 0.00885008
0.204417 0.19476 0.0096567
0.182035 0.178448 0.00358733
0.174344 0.15917 0.0151738
0.131364 0.12605 0.0053138
0.115754 0.124073 0.00831866
0.11938 0.112704 0.00667573
0.0970417 0.0954029 0.00163882
0.0861107 0.0865052 0.00039445
0.0676542 0.0593178 0.00833643
0.0475722 0.0538804 0.00630819
0.0565265 0.0608008 0.00427426
0.0554492 0.0632724 0.00782318
0.0667775 0.07217 0.00539251
0.0736624 0.0865052 0.0128428
0.114357 0.127039 0.0126818
0.157919 0.151755 0.00616382
0.17628 0.176471 0.000191427
0.213773 0.205141 0.00863174
0.227505 0.222442 0.00506297
0.253252 0.250124 0.00312808
0.306127 0.297084 0.00904339
0.313297 0.312407 0.000889789
0.313412 0.313396 1.58635e-005
0.329061 0.345032 0.0159708
0.443262 0.452299 0.0090367
0.534706 0.540287 0.00558081
0.594213 0.594661 0.000448262
0.655658 0.652002 0.00365616
0.601369 0.601087 0.000281584
0.628792 0.619871 0.00892076
0.619019 0.612457 0.00656206
0.563403 0.549679 0.0137237
0.516568 0.50519 0.0113781
0.436186 0.434998 0.00118821
0.395257 0.392486 0.00277052
0.365017 0.366782 0.00176481
0.357984 0.353435 0.00454942
0.318742 0.331686 0.0129436
0.326351 0.332674 0.00632345
0.325335 0.328225 0.00289005
0.310877 0.315373 0.00449592
0.315612 0.307958 0.00765372
0.299895 0.300544 0.000648698
0.290801 0.291152 0.000350679
0.27114 0.277805 0.00666466
0.254938 0.251607 0.0033311
0.229822 0.225408 0.00441435
0.222068 0.222442 0.000374258
0.218898 0.207118 0.0117803
0.187603 0.177459 0.0101442
0.162125 0.155215 0.00691012
0.139449 0.126545 0.0129044
0.10544 0.102818 0.00262212
0.0980973 0.0988631 0.000765791
0.0885036 0.0835393 0.00496428
0.0658869 0.0637667 0.00212022
0.0481545 0.045477 0.00267753
0.0330435 0.026693 0.00635048
0.0255043 0.017301 0.00820326
0.0239703 0.0177954 0.00617492
0.0261265 0.018784 0.00734252
0.0281398 0.0271873 0.000952536
0.0330957 0.037568 0.00447229
0.0485565 0.0573406 0.0087841
0.0785757 0.0949086 0.0163329
0.1229 0.128522 0.00562156
0.174527 0.16955 0.00497737
0.205175 0.20613 0.000954548
0.257536 0.254572 0.00296362
0.293924 0.300049 0.00612474
0.346975 0.354424 0.00744852
0.403646 0.408304 0.00465788
0.443595 0.448838 0.00524252
0.468055 0.463668 0.00438707
0.465624 0.464656 0.000968325
0.492521 0.484429 0.00809226
0.46728 0.467128 0.000152349
0.471902 0.463174 0.0087278
0.475273 0.462679 0.0125936
0.425228 0.424123 0.0011049
0.403788 0.396935 0.00685321
0.376582 0.37914 0.00255788
0.322021 0.33564 0.0136194
0.330032 0.329708 0.000323769
0.306058 0.308947 0.00288937
0.278965 0.284231 0.00526626
0.290223 0.284726 0.00549713
0.245349 0.244686 0.000663105
0.218807 0.21997 0.00116253
0.223688 0.219476 0.00421223
0.220526 0.212556 0.00796995
0.229996 0.227385 0.0026106
0.235121 0.233317 0.00180446
0.231561 0.226891 0.00466979
0.212515 0.210084 0.00243108
0.192714 0.183885 0.00882895
0.175607 0.164113 0.0114943
0.148029 0.143351 0.00467754
0.135269 0.128028 0.00724111
0.110937 0.103806 0.00713143
0.0880338 0.0884825 0.000448701
0.0708198 0.0598122 0.0110076
0.0406528 0.0385566 0.00209617
0.0317076 0.026693 0.00501458
0.0294411 0.0261987 0.00324244
0.0373785 0.045477 0.00809849
0.0582753 0.073653 0.0153777
0.0954758 0.106772 0.0112962
0.14707 0.158181 0.0111112
0.214335 0.213544 0.000790919
0.245219 0.251112 0.00589268
0.324179 0.320811 0.0033676
0.347021 0.346515 0.000505846
0.377144 0.383589 0.00644502
0.506992 0.502224 0.00476849
0.564213 0.5739 0.00968732
0.651054 0.661888 0.0108336
0.684431 0.693524 0.00909272
0.680797 0.684627 0.00383001
0.64309 0.63915 0.00394029
0.583419 0.574889 0.0085299
0.547566 0.54523 0.00233638
0.49314 0.488878 0.00426156
0.497749 0.485912 0.0118367
0.512811 0.503707 0.0091039
0.508025 0.502224 0.005801
0.499762 0.480969 0.018793
0.415201 0.420662 0.00546051
0.351568 0.353435 0.00186704
0.308699 0.307958 0.000741098
0.253255 0.259021 0.00576595
0.254718 0.254572 0.000146429
0.239997 0.234305 0.00569166
0.207106 0.192783 0.0143234
0.179336 0.171033 0.00830327
0.14656 0.125556 0.0210036
0.0956109 0.0944142 0.00119665
0.0790233 0.0825507 0.00352744
0.0711387 0.0677212 0.00341746
0.053666 0.0568463 0.00318029
0.054807 0.0578349 0.0030279
0.0540399 0.0583292 0.00428935
0.0498989 0.0583292 0.00843027
0.0620364 0.0627781 0.000741711
0.0598319 0.0627781 0.00294618
0.0546327 0.0523974 0.00223526
0.0447148 0.0405339 0.00418093
0.0338421 0.0301532 0.00368887
0.0283799 0.0197726 0.00860726
0.0240746 0.0148295 0.00924514
0.0218082 0.0123579 0.00945032
0.0221744 0.0158181 0.00635634
0.0267596 0.0252101 0.00154954
0.0349606 0.0444884 0.00952779
0.0578503 0.0677212 0.00987093
0.0854301 0.0978744 0.0124443
0.145521 0.146317 0.000795761
0.173416 0.170044 0.00337203
0.209197 0.205635 0.00356194
0.248676 0.245675 0.00300096
0.251544 0.256055 0.00451133
0.275835 0.275334 0.000500958
0.303592 0.307464 0.00387151
0.29089 0.28868 0.00221045
0.284666 0.290657 0.00599118
0.299116 0.296589 0.00252676
0.273128 0.269402 0.00372645
0.292171 0.291152 0.00101906
0.298586 0.300544 0.00195846
0.33026 0.33564 0.00537973
0.366131 0.366782 0.000650801
0.345871 0.354424 0.00855314
0.345672 0.33564 0.0100322
0.289318 0.290657 0.00133926
0.258682 0.264953 0.00627063
0.289071 0.283737 0.00533379
0.267369 0.268413 0.00104377
0.249634 0.242215 0.00741854
0.234571 0.222442 0.012129
0.178759 0.168562 0.0101974
0.146268 0.135442 0.0108257
0.119527 0.115175 0.00435173
0.080235 0.0731587 0.00707625
0.05829 0.064261 0.00597101
0.0554382 0.0598122 0.00437395
0.0606767 0.064261 0.00358428
0.0605594 0.0612951 0.000735688
0.0487265 0.0425111 0.00621537
0.0372522 0.0385566 0.00130438
0.0340269 0.0286703 0.00535656
0.0310003 0.0271873 0.00381301
0.0303512 0.0321305 0.00177929
0.0365532 0.0331191 0.00343414
0.0331185 0.0311419 0.00197661
0.0314603 0.028176 0.00328434
0.0304184 0.0247158 0.00570257
0.030657 0.0326248 0.00196778
0.0373172 0.0425111 0.00519391
0.0503551 0.0647553 0.0144002
0.100888 0.11567 0.0147817
0.156267 0.15917 0.00290281
0.203827 0.210084 0.00625726
0.265327 0.265447 0.000119626
0.297492 0.306476 0.00898439
0.330971 0.336629 0.00565845
0.369485 0.362333 0.00715179
0.376297 0.377163 0.00086571
0.388393 0.394464 0.00607112
0.411571 0.412259 0.000687768
0.425777 0.426594 0.000817206
0.416791 0.424123 0.00733191
0.439637 0.4261 0.0135368
0.404145 0.403361 0.000784
0.369228 0.373702 0.00447423
0.370684 0.364805 0.00587877
0.31685 0.322294 0.00544421
0.312401 0.31389 0.00148906
0.303248 0.300049 0.00319897
0.280407 0.272368 0.0080388
0.251386 0.24518 0.00620551
0.228626 0.21997 0.00865581
0.210569 0.205635 0.00493429
0.188967 0.183391 0.00557603
0.163265 0.158181 0.00508408
0.149842 0.139891 0.00995072
0.127131 0.127039 9.22422e-005
0.130236 0.126545 0.00369072
0.130474 0.126545 0.00392926
0.128646 0.135937 0.00729068
0.133057 0.122096 0.0109613
0.105593 0.104301 0.00129152
0.0980852 0.0958972 0.00218799
0.0716614 0.0652496 0.00641184
0.0526958 0.056352 0.00365624
0.0507142 0.0558576 0.00514339
0.0506187 0.0519031 0.00128444
0.0491479 0.0514088 0.0022609
0.0440243 0.0405339 0.00349044
0.0348801 0.0291646 0.00571553
0.0284024 0.0217499 0.00665254
0.0243136 0.0138408 0.0104728
0.0231346 0.0153238 0.00781076
0.0250518 0.0163124 0.00873941
0.0229347 0.0133465 0.00958816
0.0253397 0.0232328 0.00210693
0.030158 0.0296589 0.000499144
0.0380979 0.04696 0.00886211
0.0571307 0.0716757 0.014545
0.0821394 0.0954029 0.0132635
0.13121 0.131488 0.000277848
0.155038 0.155215 0.000176604
0.187204 0.186357 0.00084713
0.214347 0.205141 0.00920578
0.221052 0.229362 0.00830981
0.255729 0.250124 0.00560486
0.265602 0.264459 0.00114325
0.288283 0.299061 0.0107778
0.310045 0.298566 0.0114789
0.296376 0.299555 0.00317885
0.319544 0.31735 0.00219375
0.292078 0.276322 0.0157556
0.276982 0.294612 0.0176303
0.306686 0.304993 0.00169329
0.26883 0.271873 0.00304269
0.305789 0.308947 0.00315822
0.28956 0.275828 0.0137318
0.24466 0.249135 0.00447477
0.251189 0.255067 0.00387805
0.254564 0.246663 0.00790055
0.246545 0.249629 0.00308366
0.266545 0.25655 0.00999487
0.242579 0.229362 0.0132169
0.201104 0.208601 0.00749708
0.214031 0.201186 0.0128446
0.173837 0.167079 0.00675806
0.156258 0.148789 0.00746862
0.137396 0.122096 0.0153003
0.082527 0.0776075 0.00491946
0.062338 0.0682155 0.00587753
0.0562085 0.0553633 0.000845169
0.0388966 0.0296589 0.00923765
0.0296069 0.0252101 0.00439684
0.0264791 0.0163124 0.0101667
0.0236487 0.0148295 0.00881915
0.0244019 0.0168067 0.00759524
0.0253103 0.0192783 0.00603201
0.0252972 0.0158181 0.00947913
0.0225768 0.0123579 0.0102189
0.0209299 0.00840336 0.0125265
0.0199415 0.00741473 0.0125267
0.0215885 0.0163124 0.00527606
0.0279927 0.0247158 0.0032769
0.0337499 0.0365793 0.00282941
0.0480494 0.0637667 0.0157173
0.0912054 0.102323 0.0111176
0.157526 0.172022 0.0144963
0.229214 0.223925 0.00528923
0.248745 0.246169 0.00257641
0.277153 0.281265 0.0041121
0.283527 0.274839 0.00868834
0.264495 0.269896 0.00540052
0.295741 0.297578 0.00183715
0.316842 0.321799 0.00495692
0.381792 0.401384 0.0195923
0.486823 0.476026 0.0107966
0.541072 0.521008 0.0200644
0.513254 0.50519 0.00806374
0.461956 0.458725 0.00323061
0.422931 0.430054 0.00712268
0.363819 0.381611 0.0177918
0.367571 0.372714 0.00514288
0.388201 0.371725 0.0164757
0.335336 0.333169 0.00216655
0.308233 0.31043 0.00219664
0.291968 0.280277 0.0116907
0.21871 0.213544 0.00516622
0.193893 0.1913 0.00259304
0.184455 0.172516 0.0119386
0.154154 0.154721 0.000567209
0.157431 0.156698 0.000733307
0.145848 0.134948 0.0109
0.12397 0.120613 0.0033571
0.128738 0.120119 0.00861853
0.0976463 0.0894711 0.00817524
0.0724661 0.073653 0.00118691
0.0640385 0.0622837 0.00175476
0.0370285 0.0331191 0.00390937
0.0325695 0.0291646 0.00340488
0.0333914 0.0341078 0.000716409
0.0319719 0.0276817 0.00429018
0.0311707 0.0336134 0.00244272
0.0451109 0.0573406 0.0122297
0.0661703 0.0746416 0.00847129
0.0812268 0.0884825 0.00725568
0.102554 0.111715 0.00916134
0.133367 0.133959 0.000592109
0.172785 0.177954 0.00516919
0.26007 0.256055 0.00401476
0.296466 0.291152 0.00531373
0.314844 0.316856 0.00201225
0.320912 0.323282 0.00237021
0.313802 0.324765 0.0109627
0.351865 0.357884 0.00601864
0.350155 0.354424 0.00426887
0.351623 0.35393 0.00230741
0.332633 0.338112 0.00547946
0.336096 0.334652 0.00144359
0.367714 0.371725 0.00401088
0.387583 0.3826 0.00498301
0.379566 0.376174 0.00339168
0.339837 0.344538 0.00470087
0.315536 0.31735 0.00181414
0.277306 0.294118 0.0168121
0.325956 0.316362 0.00959368
0.298029 0.297084 0.000944617
0.251562 0.246663 0.00489904
0.231514 0.21997 0.011544
0.159893 0.154226 0.00566657
0.148314 0.145329 0.00298548
0.138027 0.132971 0.00505633
0.119848 0.111715 0.00813273
0.1011 0.0973801 0.0037194
0.0747551 0.0731587 0.00159642
0.0676725 0.0701928 0.00252035
0.0588165 0.0598122 0.000995658
0.0516386 0.0573406 0.00570198
0.0549749 0.0528917 0.00208315
0.0408824 0.0390509 0.00183148
0.0364777 0.0341078 0.0023699


 RMSE:  0.00753032
 NMSE:  0.000716262
Test
0.404683 0.406327 0.001644
0.445381 0.45131 0.00592893
0.478343 0.471083 0.00726024
0.492342 0.497281 0.00493913
0.513797 0.517548 0.00375053
0.539246 0.52694 0.0123063
0.52188 0.528917 0.00703697
0.555475 0.544241 0.0112342
0.546574 0.533861 0.0127132
0.530171 0.524469 0.00570228
0.534661 0.521008 0.0136528
0.524721 0.518537 0.00618382
0.531346 0.524963 0.00638303
0.527207 0.520514 0.00669342
0.491455 0.480475 0.0109804
0.423425 0.415719 0.00770594
0.371324 0.367771 0.00355282
0.321659 0.329708 0.00804865
0.313083 0.32526 0.0121768
0.329884 0.343055 0.0131714
0.350847 0.357884 0.00703717
0.355584 0.348492 0.00709222
0.310171 0.307464 0.00270702
0.281425 0.272368 0.00905729
0.218002 0.217499 0.000503392
0.198233 0.192289 0.00594394
0.178981 0.169056 0.00992487
0.1578 0.155215 0.00258499
0.178009 0.168067 0.00994163
0.178511 0.170539 0.00797197
0.167826 0.158675 0.00915078
0.135699 0.124567 0.0111324
0.105295 0.104795 0.000500024
0.0793954 0.0790905 0.000304943
0.0656862 0.0711814 0.00549523
0.0751912 0.0805734 0.00538216
0.0636773 0.0603065 0.00337079
0.0565457 0.0603065 0.00376075
0.0641388 0.0706871 0.00654835
0.0635868 0.0731587 0.00957193
0.0869103 0.0988631 0.0119528
0.123611 0.130005 0.00639378
0.179937 0.193277 0.0133395
0.286158 0.281265 0.00489264
0.33289 0.344043 0.0111532
0.43988 0.441424 0.0015442
0.547083 0.535838 0.0112448
0.573901 0.581809 0.00790751
0.670344 0.67474 0.00439564
0.725596 0.756303 0.0307073
0.736366 0.769649 0.0332826
0.766838 0.813149 0.0463108
0.75451 0.795353 0.0408431
0.734506 0.764706 0.0302002
0.714714 0.741967 0.0272531
0.705452 0.705388 6.44104e-005
0.695085 0.706871 0.0117858
0.693091 0.699456 0.00636471
0.691141 0.705882 0.0147412
0.668294 0.681167 0.0128731
0.645774 0.638655 0.00711927
0.582564 0.579832 0.00273192
0.52373 0.499259 0.024471
0.468571 0.467622 0.000948925
0.435716 0.424617 0.0110988
0.359737 0.348492 0.0112453
0.322833 0.33564 0.0128066
0.321676 0.316362 0.00531441
0.263591 0.261987 0.00160413
0.228307 0.229857 0.00154954
0.188798 0.167573 0.0212253
0.115529 0.107266 0.00826303
0.0904961 0.0919427 0.0014466
0.0865173 0.0889768 0.00245952
0.0812419 0.0855166 0.00427467
0.0800111 0.0756303 0.00438077
0.0603045 0.064261 0.0039565
0.065843 0.0682155 0.00237247
0.0620228 0.0608008 0.00122202
0.0675427 0.0805734 0.0130307
0.0962323 0.109244 0.0130117
0.137994 0.140386 0.00239223
0.186602 0.192783 0.00618108
0.248526 0.253584 0.0050584
0.347363 0.352447 0.00508401
0.442533 0.463174 0.0206407
0.603611 0.59911 0.00450146
0.659992 0.680178 0.0201857
0.708827 0.73999 0.0311634
0.74844 0.782996 0.0345556
0.741736 0.774098 0.0323622
0.744242 0.758774 0.0145325
0.735997 0.751359 0.0153616
0.70333 0.710826 0.00749606
0.68668 0.702422 0.0157417
0.688812 0.71132 0.0225075
0.711507 0.724666 0.0131587
0.702069 0.717746 0.0156775
0.709436 0.716263 0.00682674
0.665915 0.651013 0.0149021
0.545186 0.534849 0.0103375
0.48925 0.47998 0.00926964
0.384192 0.392981 0.00878909
0.356113 0.361839 0.00572576
0.330404 0.329214 0.0011902
0.279827 0.277311 0.00251585
0.250377 0.239249 0.0111276
0.196893 0.189817 0.00707552
0.170941 0.168562 0.00237907
0.162676 0.152249 0.0104266
0.131957 0.131488 0.000468999
0.130399 0.126545 0.00385419
0.113102 0.109244 0.0038585
0.0917738 0.0899654 0.00180844
0.0720577 0.0662383 0.00581936
0.0513875 0.0533861 0.00199861
0.047033 0.0479486 0.000915571
0.0390942 0.0420168 0.00292262
0.040364 0.0415225 0.00115849
0.0452164 0.0514088 0.00619236
0.0516643 0.0667326 0.0150683
0.089604 0.10084 0.011236
0.12944 0.140386 0.0109464
0.188197 0.192783 0.00458552
0.266252 0.264459 0.00179274
0.306352 0.308947 0.00259472
0.343472 0.343549 7.71776e-005
0.369241 0.385072 0.0158313
0.426469 0.414236 0.0122332
0.471691 0.460208 0.0114826
0.498745 0.505685 0.00694039
0.567135 0.549184 0.0179515


 RMSE:  0.0127696
 NMSE:  0.000873596

 ------------------------------ 3  205039  0.00753032  0.0127696
