3 nl 6.95203e-310    0.148637    24    0
3 nl 6.95203e-310    0.142984    48    1
3 nl 6.95203e-310    0.140424    72    2
3 nl 6.95203e-310    0.138992    96    3
3 nl 6.95203e-310    0.134635    120    4
3 nl 6.95203e-310    0.13429    144    5
3 nl 6.95203e-310    0.130804    168    6
3 nl 6.95203e-310    0.128918    192    7
3 nl 6.95203e-310    0.125985    216    8
3 nl 6.95203e-310    0.118597    240    9
3 nl 6.95203e-310    0.11507    264    10
3 nl 6.95203e-310    0.106996    288    11
3 nl 6.95203e-310    0.106996    312    12
3 nl 6.95203e-310    0.103812    336    13
3 nl 6.95203e-310    0.103812    360    14
3 nl 6.95203e-310    0.103812    384    15
3 nl 6.95203e-310    0.103812    408    16
3 nl 6.95203e-310    0.0938922    432    17
3 nl 6.95203e-310    0.0938922    456    18
3 nl 6.95203e-310    0.0845073    480    19
3 nl 6.95203e-310    0.0790107    504    20
3 nl 6.95203e-310    0.0790107    528    21
3 nl 6.95203e-310    0.075024    552    22
3 nl 6.95203e-310    0.0703856    576    23
3 nl 6.95203e-310    0.0667331    600    24
3 nl 6.95203e-310    0.0612257    624    25
3 nl 6.95203e-310    0.0612257    648    26
3 nl 6.95203e-310    0.0612257    672    27
3 nl 6.95203e-310    0.0535155    696    28
3 nl 6.95203e-310    0.0476095    720    29
3 nl 6.95203e-310    0.0458439    744    30
3 nl 6.95203e-310    0.0423329    768    31
3 nl 6.95203e-310    0.0423329    792    32
3 nl 6.95203e-310    0.0401503    816    33
3 nl 6.95203e-310    0.0401273    840    34
3 nl 6.95203e-310    0.0401273    864    35
3 nl 6.95203e-310    0.0393545    888    36
3 nl 6.95203e-310    0.0393545    912    37
3 nl 6.95203e-310    0.0393545    936    38
3 nl 6.95203e-310    0.0393545    960    39
3 nl 6.95203e-310    0.0381046    984    40
3 nl 6.95203e-310    0.0381046    1008    41
3 nl 6.95203e-310    0.0381046    1032    42
3 nl 6.95203e-310    0.0381046    1056    43
3 nl 6.95203e-310    0.0381046    1080    44
3 nl 6.95203e-310    0.0370322    1104    45
3 nl 6.95203e-310    0.0362092    1128    46
3 nl 6.95203e-310    0.0362092    1152    47
3 nl 6.95203e-310    0.0362092    1176    48
3 nl 6.95203e-310    0.0346941    1200    49
3 nl 6.95203e-310    0.0346941    1224    50
3 nl 6.95203e-310    0.0343792    1248    51
3 nl 6.95203e-310    0.0343792    1272    52
3 nl 6.95203e-310    0.0343792    1296    53
3 nl 6.95203e-310    0.0332367    1320    54
3 nl 6.95203e-310    0.0332367    1344    55
3 nl 6.95203e-310    0.0330651    1368    56
3 nl 6.95203e-310    0.0330651    1392    57
3 nl 6.95203e-310    0.0330651    1416    58
3 nl 6.95203e-310    0.0316778    1440    59
3 nl 6.95203e-310    0.0312592    1464    60
3 nl 6.95203e-310    0.0312592    1488    61
3 nl 6.95203e-310    0.0312592    1512    62
3 nl 6.95203e-310    0.0312592    1536    63
3 nl 6.95203e-310    0.0303065    1560    64
3 nl 6.95203e-310    0.030202    1584    65
3 nl 6.95203e-310    0.030202    1608    66
3 nl 6.95203e-310    0.030202    1632    67
3 nl 6.95203e-310    0.030202    1656    68
3 nl 6.95203e-310    0.029973    1680    69
3 nl 6.95203e-310    0.029973    1704    70
3 nl 6.95203e-310    0.029973    1728    71
3 nl 6.95203e-310    0.029973    1752    72
3 nl 6.95203e-310    0.0295253    1776    73
3 nl 6.95203e-310    0.0294439    1800    74
3 nl 6.95203e-310    0.0294439    1824    75
3 nl 6.95203e-310    0.0294439    1848    76
3 nl 6.95203e-310    0.0294439    1872    77
3 nl 6.95203e-310    0.0286993    1896    78
3 nl 6.95203e-310    0.0286993    1920    79
3 nl 6.95203e-310    0.0286993    1944    80
3 nl 6.95203e-310    0.0286993    1968    81
3 nl 6.95203e-310    0.0284772    1992    82
3 nl 6.95203e-310    0.0284772    2016    83
3 nl 6.95203e-310    0.0284772    2040    84
3 nl 6.95203e-310    0.0277236    2064    85
3 nl 6.95203e-310    0.0277236    2088    86
3 nl 6.95203e-310    0.0277236    2112    87
3 nl 6.95203e-310    0.0277236    2136    88
3 nl 6.95203e-310    0.0272316    2160    89
3 nl 6.95203e-310    0.0272316    2184    90
3 nl 6.95203e-310    0.0272316    2208    91
3 nl 6.95203e-310    0.0078693    3436    92
3 nl 6.95203e-310    0.0078693    3460    93
3 nl 6.95203e-310    0.0078693    3484    94
3 nl 6.95203e-310    0.0078693    3508    95
3 nl 6.95203e-310    0.0078693    3532    96
3 nl 6.95203e-310    0.0078693    3556    97
3 nl 6.95203e-310    0.0078693    3580    98
3 nl 6.95203e-310    0.00778537    3604    99
3 nl 6.95203e-310    0.00778537    3628    100
3 nl 6.95203e-310    0.00778537    3652    101
3 nl 6.95203e-310    0.00778537    3676    102
3 nl 6.95203e-310    0.00778537    3700    103
3 nl 6.95203e-310    0.00778537    3724    104
3 nl 6.95203e-310    0.00778537    3748    105
3 nl 6.95203e-310    0.00778537    3772    106
3 nl 6.95203e-310    0.00778537    3796    107
3 nl 6.95203e-310    0.00778537    3820    108
3 nl 6.95203e-310    0.00778537    3844    109
3 nl 6.95203e-310    0.00778537    3868    110
3 nl 6.95203e-310    0.00778537    3892    111

 ------------------------------ 3  205039  RMSE:  0.00753032  0.0127696 NMSE:  0.000716262 0.000873596
