Train
0.0861932 0.0820312 0.00416196
0.0687708 0.0820312 0.0132604
0.0285456 0.0820312 0.0534856
0.0961552 0.0898438 0.00631143
0.0961552 0.0898438 0.00631143
0.0787279 0.0898438 0.0111159
0.071952 0.0898438 0.0178918
0.230042 0.226562 0.00348035
0.230042 0.226562 0.00348035
0.239233 0.226562 0.0126707
0.413295 0.226562 0.186733
0.430194 0.5625 0.132306
0.430194 0.5625 0.132306
0.455703 0.5625 0.106797
0.551758 0.5625 0.0107425
0.397561 0.359375 0.0381855
0.397561 0.359375 0.0381855
0.362706 0.359375 0.00333111
0.313334 0.359375 0.046041
0.141179 0.113281 0.0278975
0.141179 0.113281 0.0278975
0.110326 0.113281 0.0029549
0.0747211 0.113281 0.0385599
0.0890963 0.0703125 0.0187838
0.0890963 0.0703125 0.0187838
0.0588175 0.0703125 0.011495
0.0157907 0.0703125 0.0545218
0.109352 0.101562 0.00779017
0.109352 0.101562 0.00779017
0.0978087 0.101562 0.00375334
0.191843 0.101562 0.090281
0.303403 0.335938 0.0325346
0.303403 0.335938 0.0325346
0.309099 0.335938 0.0268389
0.444434 0.335938 0.108496
0.558843 0.601562 0.0427195
0.558843 0.601562 0.0427195
0.627163 0.601562 0.0256013
0.666917 0.601562 0.0653553
0.209071 0.183594 0.0254768
0.209071 0.183594 0.0254768
0.160211 0.183594 0.0233825
0.110297 0.183594 0.073297
0.0899691 0.0664062 0.0235629
0.0899691 0.0664062 0.0235629
0.0784196 0.0664062 0.0120134
0.0328752 0.0664062 0.033531
0.0759364 0.0625 0.0134364
0.0759364 0.0625 0.0134364
0.0442029 0.0625 0.0182971
0.0188066 0.0625 0.0436934
0.226008 0.195312 0.0306959
0.226008 0.195312 0.0306959
0.232716 0.195312 0.037404
0.451654 0.195312 0.256342
0.496904 0.660156 0.163252
0.496904 0.660156 0.163252
0.557365 0.660156 0.102791
0.633383 0.660156 0.0267733
0.247055 0.253906 0.00685126
0.247055 0.253906 0.00685126
0.219699 0.253906 0.0342072
0.161445 0.253906 0.0924611
0.106081 0.0625 0.0435813
0.106081 0.0625 0.0435813
0.0879105 0.0625 0.0254105
0.0436263 0.0625 0.0188737
0.0748235 0.0546875 0.020136
0.0748235 0.0546875 0.020136
0.034114 0.0546875 0.0205735
0.00776034 0.0546875 0.0469272
0.219101 0.175781 0.0433199
0.219101 0.175781 0.0433199
0.225798 0.175781 0.0500168
0.469726 0.175781 0.293945
0.540319 0.722656 0.182337
0.540319 0.722656 0.182337
0.624964 0.722656 0.0976923
0.689678 0.722656 0.0329781
0.177189 0.179688 0.00249857
0.177189 0.179688 0.00249857
0.151441 0.179688 0.0282471
0.106263 0.179688 0.0734254
0.0817711 0.046875 0.0348961
0.0817711 0.046875 0.0348961
0.0630329 0.046875 0.0161579
0.0116344 0.046875 0.0352406
0.065425 0.0585938 0.00683119
0.065425 0.0585938 0.00683119
0.0381745 0.0585938 0.0204193
0.0881049 0.0585938 0.0295111
0.345466 0.390625 0.0451589
0.345466 0.390625 0.0451589
0.347833 0.390625 0.0427916
0.438387 0.390625 0.0477621
0.360642 0.445312 0.0846703
0.360642 0.445312 0.0846703
0.391402 0.445312 0.0539104
0.381564 0.445312 0.0637475
0.104584 0.0390625 0.0655217
0.104584 0.0390625 0.0655217
0.0880244 0.0390625 0.0489619
0.0449624 0.0390625 0.00589985
0.0729213 0.0390625 0.0338588
0.0729213 0.0390625 0.0338588
0.0224711 0.0390625 0.0165914
0.0235595 0.0390625 0.015503
0.362569 0.386719 0.0241497
0.362569 0.386719 0.0241497
0.362855 0.386719 0.023864
0.425312 0.386719 0.038593
0.120733 0.136719 0.0159865
0.120733 0.136719 0.0159865
0.123012 0.136719 0.0137069
0.0976127 0.136719 0.0391063
0.0899264 0.0195312 0.0703952
0.0899264 0.0195312 0.0703952
0.0641327 0.0195312 0.0446015
0.0806476 0.0195312 0.0611164
0.610419 0.488281 0.122138
0.610419 0.488281 0.122138
0.591962 0.488281 0.103681
0.43666 0.488281 0.0516215
0.443408 0.382812 0.0605957
0.443408 0.382812 0.0605957
0.411362 0.382812 0.0285496
0.420152 0.382812 0.0373402
0.333561 0.292969 0.0405921
0.333561 0.292969 0.0405921
0.289595 0.292969 0.00337443
0.2547 0.292969 0.0382694
0.18839 0.191406 0.00301579
0.18839 0.191406 0.00301579
0.164493 0.191406 0.0269126
0.121464 0.191406 0.0699417
0.117601 0.132812 0.015211
0.117601 0.132812 0.015211
0.115393 0.132812 0.017419
0.07895 0.132812 0.053862
0.116704 0.125 0.00829628
0.116704 0.125 0.00829628
0.112538 0.125 0.0124622
0.0914156 0.125 0.0335844
0.169772 0.171875 0.00210254
0.169772 0.171875 0.00210254
0.176482 0.171875 0.00460664
0.234289 0.171875 0.0624141
0.26761 0.285156 0.0175459
0.26761 0.285156 0.0175459
0.278603 0.285156 0.00655273
0.391814 0.285156 0.106658
0.397194 0.414062 0.0168684
0.397194 0.414062 0.0168684
0.396935 0.414062 0.017127
0.455261 0.414062 0.0411986
0.375371 0.339844 0.0355272
0.375371 0.339844 0.0355272
0.334435 0.339844 0.00540949
0.314735 0.339844 0.0251093
0.189661 0.183594 0.00606729
0.189661 0.183594 0.00606729
0.154796 0.183594 0.0287977
0.110918 0.183594 0.0726765
0.103234 0.117188 0.0139544
0.103234 0.117188 0.0139544
0.0996543 0.117188 0.0175337
0.0611052 0.117188 0.0560828
0.100027 0.109375 0.00934795
0.100027 0.109375 0.00934795
0.0881549 0.109375 0.0212201
0.0602857 0.109375 0.0490893
0.16982 0.164062 0.00575755
0.16982 0.164062 0.00575755
0.176904 0.164062 0.012842
0.271603 0.164062 0.107541
0.294644 0.332031 0.0373868
0.294644 0.332031 0.0373868
0.302539 0.332031 0.0294919
0.430608 0.332031 0.0985773
0.463822 0.472656 0.00883421
0.463822 0.472656 0.00883421
0.483087 0.472656 0.0104314
0.538153 0.472656 0.0654973
0.330959 0.296875 0.0340839
0.330959 0.296875 0.0340839
0.27136 0.296875 0.0255148
0.222803 0.296875 0.0740721
0.137172 0.136719 0.00045328
0.137172 0.136719 0.00045328
0.117408 0.136719 0.0193114
0.0768295 0.136719 0.0598895
0.0893806 0.0859375 0.00344309
0.0893806 0.0859375 0.00344309
0.0740962 0.0859375 0.0118413


 RMSE:  0.0593554
 NMSE:  0.0410789
Test
0.392182 0.441406 0.0492243
0.401693 0.441406 0.0397129
0.473606 0.441406 0.0322
0.397939 0.359375 0.0385639
0.397939 0.359375 0.0385639
0.352985 0.359375 0.00638984
0.326628 0.359375 0.0327474
0.189375 0.179688 0.00968702
0.189375 0.179688 0.00968702
0.148766 0.179688 0.0309221
0.105115 0.179688 0.074573
0.105115 0.109375 0.00426005
0.105115 0.109375 0.00426005
0.100187 0.109375 0.00918842
0.0606652 0.109375 0.0487098
0.100888 0.105469 0.00458091
0.100888 0.105469 0.00458091
0.0862907 0.105469 0.0191783
0.0588534 0.105469 0.0466156
0.178357 0.175781 0.00257598
0.178357 0.175781 0.00257598
0.185303 0.175781 0.00952236
0.304973 0.175781 0.129192
0.312585 0.386719 0.0741335
0.312585 0.386719 0.0741335
0.320964 0.386719 0.0657551
0.435372 0.386719 0.0486534
0.482071 0.492188 0.0101165
0.482071 0.492188 0.0101165
0.492874 0.492188 0.000685511
0.527753 0.492188 0.0355654
0.285493 0.253906 0.0315872
0.285493 0.253906 0.0315872
0.215386 0.253906 0.0385197
0.161294 0.253906 0.0926122
0.111011 0.109375 0.00163604
0.111011 0.109375 0.00163604
0.102685 0.109375 0.00668965
0.0651384 0.109375 0.0442366
0.0881346 0.0859375 0.00219711
0.0881346 0.0859375 0.00219711
0.0641877 0.0859375 0.0217498
0.0264333 0.0859375 0.0595042
0.139804 0.125 0.0148043
0.139804 0.125 0.0148043
0.138906 0.125 0.0139063
0.237782 0.125 0.112782
0.292172 0.328125 0.0359534
0.292172 0.328125 0.0359534
0.299691 0.328125 0.0284344
0.434133 0.328125 0.106008
0.504589 0.550781 0.0461922
0.504589 0.550781 0.0461922
0.539891 0.550781 0.0108903
0.597383 0.550781 0.0466021
0.283651 0.261719 0.0219317
0.283651 0.261719 0.0219317
0.226229 0.261719 0.0354903
0.171612 0.261719 0.090107
0.10783 0.0976562 0.0101737
0.10783 0.0976562 0.0101737
0.0964483 0.0976562 0.00120792
0.0589177 0.0976562 0.0387385
0.0814365 0.0703125 0.011124
0.0814365 0.0703125 0.011124
0.0507842 0.0703125 0.0195283
0.0144148 0.0703125 0.0558977
0.141685 0.125 0.0166849
0.141685 0.125 0.0166849
0.140818 0.125 0.015818
0.301753 0.125 0.176753
0.32876 0.390625 0.0618654
0.32876 0.390625 0.0618654
0.336225 0.390625 0.0543999
0.458721 0.390625 0.0680959
0.552354 0.546875 0.00547857
0.552354 0.546875 0.00547857
0.596035 0.546875 0.0491601
0.614572 0.546875 0.0676966
0.19919 0.171875 0.027315
0.19919 0.171875 0.027315
0.148051 0.171875 0.0238237
0.102184 0.171875 0.0696908
0.0910175 0.0703125 0.020705
0.0910175 0.0703125 0.020705
0.079265 0.0703125 0.00895249
0.0336936 0.0703125 0.0366189
0.0799389 0.0742188 0.0057201
0.0799389 0.0742188 0.0057201
0.0512807 0.0742188 0.0229381
0.02571 0.0742188 0.0485088
0.220115 0.203125 0.0169897
0.220115 0.203125 0.0169897
0.227433 0.203125 0.0243075
0.432896 0.203125 0.229771
0.455545 0.628906 0.173361
0.455545 0.628906 0.173361
0.500323 0.628906 0.128583
0.59085 0.628906 0.0380562
0.306008 0.300781 0.00522732
0.306008 0.300781 0.00522732
0.279102 0.300781 0.0216789
0.21936 0.300781 0.0814212
0.118456 0.078125 0.0403315
0.118456 0.078125 0.0403315
0.0959734 0.078125 0.0178484
0.0596074 0.078125 0.0185176
0.0838575 0.0585938 0.0252637
0.0838575 0.0585938 0.0252637
0.0411759 0.0585938 0.0174179
0.00656143 0.0585938 0.0520324
0.167716 0.132812 0.0349038
0.167716 0.132812 0.0349038
0.171953 0.132812 0.0391414
0.451418 0.132812 0.318606
0.414334 0.601562 0.187228
0.414334 0.601562 0.187228
0.431435 0.601562 0.170127
0.531272 0.601562 0.0702897
0.307589 0.339844 0.0322546
0.307589 0.339844 0.0322546
0.312987 0.339844 0.0268574
0.264488 0.339844 0.0753559
0.117178 0.0703125 0.0468654
0.117178 0.0703125 0.0468654
0.0918533 0.0703125 0.0215408
0.0561245 0.0703125 0.014188
0.077442 0.046875 0.030567
0.077442 0.046875 0.030567
0.0801827 0 0.0801827
0.080292 0 0.080292
0.080292 0 0.080292
0.080292 0 0.080292
0.080292 0 0.080292
0.080292 0 0.080292
0.080292 0 0.080292
0.080292 0 0.080292
0.080292 0 0.080292
0.080292 0 0.080292
0.080292 0 0.080292
0.080292 0 0.080292
0.080292 0 0.080292
0.080292 0 0.080292
0.080292 0 0.080292
0.080292 0 0.080292
0.080292 0 0.080292
0.080292 0 0.080292
0.080292 0 0.080292
0.080292 0 0.080292
0.080292 0 0.080292
0.080292 0 0.080292
0.080292 0 0.080292
0.080292 0 0.080292
0.080292 0 0.080292
0.080292 0 0.080292
0.080292 0 0.080292
0.080292 0 0.080292
0.080292 0 0.080292
0.080292 0 0.080292
0.080292 0 0.080292
0.080292 0 0.080292
0.080292 0 0.080292
0.080292 0 0.080292
0.080292 0 0.080292
0.080292 0 0.080292
0.080292 0 0.080292


 RMSE:  0.069533
 NMSE:  0.0698782

 ------------------------------ 3  269421  0.0593554  0.069533
