3 nl 6.95203e-310    0.169027    24    0
3 nl 6.95203e-310    0.168016    48    1
3 nl 6.95203e-310    0.164558    72    2
3 nl 6.95203e-310    0.164558    96    3
3 nl 6.95203e-310    0.150295    120    4
3 nl 6.95203e-310    0.149756    144    5
3 nl 6.95203e-310    0.142421    168    6
3 nl 6.95203e-310    0.13992    192    7
3 nl 6.95203e-310    0.13992    216    8
3 nl 6.95203e-310    0.137757    240    9
3 nl 6.95203e-310    0.137757    264    10
3 nl 6.95203e-310    0.134266    288    11
3 nl 6.95203e-310    0.128029    312    12
3 nl 6.95203e-310    0.124222    336    13
3 nl 6.95203e-310    0.123975    360    14
3 nl 6.95203e-310    0.122854    384    15
3 nl 6.95203e-310    0.12211    408    16
3 nl 6.95203e-310    0.11675    432    17
3 nl 6.95203e-310    0.11675    456    18
3 nl 6.95203e-310    0.113707    480    19
3 nl 6.95203e-310    0.113707    504    20
3 nl 6.95203e-310    0.113338    528    21
3 nl 6.95203e-310    0.111483    552    22
3 nl 6.95203e-310    0.110119    576    23
3 nl 6.95203e-310    0.109912    600    24
3 nl 6.95203e-310    0.109466    624    25
3 nl 6.95203e-310    0.109385    648    26
3 nl 6.95203e-310    0.109385    672    27
3 nl 6.95203e-310    0.108323    696    28
3 nl 6.95203e-310    0.107732    720    29
3 nl 6.95203e-310    0.107359    744    30
3 nl 6.95203e-310    0.107359    768    31
3 nl 6.95203e-310    0.107359    792    32
3 nl 6.95203e-310    0.106703    816    33
3 nl 6.95203e-310    0.106703    840    34
3 nl 6.95203e-310    0.106566    864    35
3 nl 6.95203e-310    0.106566    888    36
3 nl 6.95203e-310    0.106566    912    37
3 nl 6.95203e-310    0.105326    936    38
3 nl 6.95203e-310    0.105274    960    39
3 nl 6.95203e-310    0.105274    984    40
3 nl 6.95203e-310    0.105274    1008    41
3 nl 6.95203e-310    0.105274    1032    42
3 nl 6.95203e-310    0.105274    1056    43
3 nl 6.95203e-310    0.105274    1080    44
3 nl 6.95203e-310    0.105274    1104    45
3 nl 6.95203e-310    0.105274    1128    46
3 nl 6.95203e-310    0.105274    1152    47
3 nl 6.95203e-310    0.105274    1176    48
3 nl 6.95203e-310    0.1045    1200    49
3 nl 6.95203e-310    0.1045    1224    50
3 nl 6.95203e-310    0.1045    1248    51
3 nl 6.95203e-310    0.1045    1272    52
3 nl 6.95203e-310    0.1045    1296    53
3 nl 6.95203e-310    0.104234    1320    54
3 nl 6.95203e-310    0.104234    1344    55
3 nl 6.95203e-310    0.104234    1368    56
3 nl 6.95203e-310    0.104234    1392    57
3 nl 6.95203e-310    0.104234    1416    58
3 nl 6.95203e-310    0.104234    1440    59
3 nl 6.95203e-310    0.104234    1464    60
3 nl 6.95203e-310    0.103367    1488    61
3 nl 6.95203e-310    0.103367    1512    62
3 nl 6.95203e-310    0.102462    1536    63
3 nl 6.95203e-310    0.102423    1560    64
3 nl 6.95203e-310    0.101954    1584    65
3 nl 6.95203e-310    0.101954    1608    66
3 nl 6.95203e-310    0.101954    1632    67
3 nl 6.95203e-310    0.101525    1656    68
3 nl 6.95203e-310    0.101489    1680    69
3 nl 6.95203e-310    0.101489    1704    70
3 nl 6.95203e-310    0.10121    1728    71
3 nl 6.95203e-310    0.100606    1752    72
3 nl 6.95203e-310    0.100282    1776    73
3 nl 6.95203e-310    0.100282    1800    74
3 nl 6.95203e-310    0.0998629    1824    75
3 nl 6.95203e-310    0.0996818    1848    76
3 nl 6.95203e-310    0.0996818    1872    77
3 nl 6.95203e-310    0.0994791    1896    78
3 nl 6.95203e-310    0.0987782    1920    79
3 nl 6.95203e-310    0.0987782    1944    80
3 nl 6.95203e-310    0.0987511    1968    81
3 nl 6.95203e-310    0.0986942    1992    82
3 nl 6.95203e-310    0.0986942    2016    83
3 nl 6.95203e-310    0.0986517    2040    84
3 nl 6.95203e-310    0.0982443    2064    85
3 nl 6.95203e-310    0.0982443    2088    86
3 nl 6.95203e-310    0.0982443    2112    87
3 nl 6.95203e-310    0.0982443    2136    88
3 nl 6.95203e-310    0.097866    2160    89
3 nl 6.95203e-310    0.097544    2184    90
3 nl 6.95203e-310    0.0973558    2208    91
3 nl 6.95203e-310    0.0596819    3436    92
3 nl 6.95203e-310    0.0596819    3460    93
3 nl 6.95203e-310    0.0596819    3484    94
3 nl 6.95203e-310    0.0596819    3508    95
3 nl 6.95203e-310    0.0596819    3532    96
3 nl 6.95203e-310    0.0596819    3556    97
3 nl 6.95203e-310    0.0596819    3580    98
3 nl 6.95203e-310    0.0596819    3604    99
3 nl 6.95203e-310    0.0596819    3628    100
3 nl 6.95203e-310    0.0596819    3652    101
3 nl 6.95203e-310    0.0596819    3676    102
3 nl 6.95203e-310    0.0596819    3700    103
3 nl 6.95203e-310    0.0596819    3724    104
3 nl 6.95203e-310    0.0596819    3748    105
3 nl 6.95203e-310    0.0596112    3772    106
3 nl 6.95203e-310    0.0596112    3796    107
3 nl 6.95203e-310    0.0596112    3820    108
3 nl 6.95203e-310    0.0596112    3844    109
3 nl 6.95203e-310    0.0596112    3868    110
3 nl 6.95203e-310    0.0596112    3892    111
3 nl 6.95203e-310    0.0596112    3916    112
3 nl 6.95203e-310    0.0595975    3940    113
3 nl 6.95203e-310    0.0595811    3964    114
3 nl 6.95203e-310    0.0595811    3988    115
3 nl 6.95203e-310    0.0595811    4012    116
3 nl 6.95203e-310    0.0595811    4036    117
3 nl 6.95203e-310    0.0595811    4060    118
3 nl 6.95203e-310    0.0595078    4084    119
3 nl 6.95203e-310    0.0595078    4108    120
3 nl 6.95203e-310    0.0595078    4132    121
3 nl 6.95203e-310    0.0594884    4156    122
3 nl 6.95203e-310    0.0594884    4180    123
3 nl 6.95203e-310    0.0594884    4204    124
3 nl 6.95203e-310    0.0594884    4228    125
3 nl 6.95203e-310    0.0594884    4252    126
3 nl 6.95203e-310    0.0594884    4276    127
3 nl 6.95203e-310    0.0594884    4300    128
3 nl 6.95203e-310    0.059479    4324    129
3 nl 6.95203e-310    0.059479    4348    130
3 nl 6.95203e-310    0.0593554    4372    131

 ------------------------------ 3  269421  RMSE:  0.0593554  0.069533 NMSE:  0.0410789 0.0698782
